# timestamp vx vy vz
0 -9.85009851461882e-11 -3.66099788645307e-08 -2.88657986402541e-15
0.02 2.03088912874294e-11 3.54262197721561e-08 1.73884344423225e-15
0.04 3.12305389882361e-11 4.33257249735739e-07 5.10008701937181e-16
0.06 4.29906110710476e-13 1.96001814587276e-06 -3.38618022510673e-15
0.08 -2.78964629174538e-11 5.89356263122435e-06 -4.27435864480685e-15
0.1 -3.15425463526253e-11 1.39864631170262e-05 -3.88578058618805e-15
0.12 -1.27292018071989e-11 2.84614718526091e-05 -2.03591483949328e-15
0.14 -2.52757051399932e-11 5.19615935743062e-05 6.59194920871187e-17
0.16 -2.01706568114801e-10 8.75001581543594e-05 1.0547118733939e-15
0.18 -7.55723150724918e-10 0.00013845628175082 3.27515792264421e-15
0.2 -1.98220972968954e-09 0.00020857486680755 3.21964677141295e-15
0.22 -4.30318356598944e-09 0.000301962115972417 2.40508567922459e-15
0.24 -8.77317828801294e-09 0.000423036185197476 1.84401105496335e-15
0.26 -1.75846613659214e-08 0.000576477836839144 1.80411241501588e-16
0.28 -3.41139577697547e-08 0.000767225953576399 1.94289029309402e-16
0.3 -6.2921271526406e-08 0.00100047753841078 -2.22044604925031e-16
0.32 -1.09940507718453e-07 0.0012816837876731 -3.75133951679985e-17
0.34 -1.84567425676185e-07 0.00161650689409733 5.10008701937181e-16
0.36 -3.01747828335142e-07 0.00201077684989444 -2.77555756156289e-16
0.38 -4.82167346049778e-07 0.00247048751975916 1.0547118733939e-15
0.4 -7.52251498203904e-07 0.00300179664086993 5.55111512312578e-16
0.42 -1.14465363730337e-06 0.00361102237003814 1.51669041908997e-15
0.44 -1.70362301751131e-06 0.00430460530234944 9.52363188311267e-16
0.46 -2.49037279836939e-06 0.00508907048980502 1.52655665885959e-16
0.48 -3.58356804264215e-06 0.00597102398847082 5.82867087928207e-16
0.5 -5.07932573778902e-06 0.00695715285847756 -4.44089209850063e-16
0.52 -7.09217412928585e-06 0.0080542221383456 -4.81494184800813e-16
0.54 -9.76560555229766e-06 0.00926904156255861 -3.76434994286967e-16
0.56 -1.32826292769117e-05 0.0106084322791374 -2.04003480774873e-15
0.58 -1.78667308250446e-05 0.0120792238239645 -1.58206781009085e-15
0.6 -2.37818720130178e-05 0.0136882541207847 -1.99840144432528e-15
0.62 -3.13340728415137e-05 0.0154423668468165 -9.25800235085372e-16
0.64 -4.08888127065091e-05 0.0173483824544864 -3.79904441238921e-16
0.66 -5.28884315712519e-05 0.0194130691931615 -1.17267306976032e-15
0.68 -6.78537119066513e-05 0.0216431404747627 5.82867087928207e-16
0.7 -8.63838786875348e-05 0.0240452548737639 4.9960036108132e-16
0.72 -0.000109158892430122 0.0266260138982431 1.40588495706195e-15
0.74 -0.0001369646727837 0.0293919374714412 1.62196645003831e-15
0.76 -0.000170718322075519 0.0323494394133208 6.24500451351651e-16
0.78 -0.000211470418369664 0.0355048252116171 1.08246744900953e-15
0.8 -0.000260405015470866 0.0388642920218377 -2.22044604925031e-16
0.82 -0.000318842653188761 0.0424339265679127 -3.7621815385247e-17
0.84 -0.000388273470326356 0.0462196820493453 -3.79904441238921e-16
0.86 -0.000470390317645536 0.0502273550483614 -7.35522753814166e-16
0.88 -0.000567091768142181 0.0544625834305602 1.38777878078145e-16
0.9 -0.000680482117052739 0.0589308463449141 4.44089209850063e-16
0.92 -0.000812874985871093 0.0636374622395113 4.06684234899313e-16
0.94 -0.000966832966666685 0.0685875670347268 5.11743425413158e-16
0.96 -0.00114520726637668 0.0737860922963941 6.24500451351651e-16
0.98 -0.00135114131082437 0.079237763251547 -2.4980018054066e-16
1 -0.00158807074474043 0.0849470987884208 -2.22044604925031e-16
1.02 -0.00185972740488625 0.0909184092787673 -3.7621815385247e-17
1.04 -0.00217018302444024 0.0971557726233348 -3.79904441238921e-16
1.06 -0.00252389293741626 0.103663010297346 -2.06779038336435e-15
1.08 -0.00292570005177717 0.110443685172816 -3.05311331771918e-16
1.1 -0.00338083484945462 0.117501101518549 -4.44089209850063e-16
1.12 -0.0038949193469113 0.124838302098701 4.06684234899313e-16
1.14 -0.00447401066153968 0.13245803625693 1.39992184511328e-15
1.16 -0.00512464457805409 0.140362728000548 6.24500451351651e-16
1.18 -0.00585383950906937 0.148554473099079 -2.4980018054066e-16
1.2 -0.00666909649510439 0.157035039084259 -2.22044604925031e-16
1.22 -0.00757840258255162 0.165805861465423 -3.7621815385247e-17
1.24 -0.00859026798143812 0.174868002098726 -3.79904441238921e-16
1.26 -0.00971376322316619 0.184222107556368 -1.17961196366423e-15
1.28 -0.0109585225384785 0.193868405341977 -3.05311331771918e-16
1.3 -0.0123347438574846 0.203806703890613 4.44089209850063e-16
1.32 -0.0138531909314479 0.214036387283146 4.06575814682064e-16
1.34 -0.0155252166727097 0.224556357104498 1.39818712163731e-15
1.36 -0.0173627864945766 0.235364974301877 6.10622663543836e-16
1.38 -0.0193784804331562 0.246460053899159 -2.77555756156289e-16
1.4 -0.0215854931473285 0.257838864996894 -3.33066907387547e-16
1.42 -0.0239976337428926 0.269498123541689 -2.5955800009303e-16
1.44 -0.0266293238378986 0.281433912789511 -8.22258927613007e-16
1.46 -0.0294955956279834 0.293641603768984 -1.60982338570648e-15
1.48 -0.0326120917104914 0.306115848050777 -1.16573417585641e-15
1.5 -0.0359950650844918 0.318850577747607 -3.33066907387547e-16
1.52 -0.0396613754544377 0.331838996675887 -2.59666420310278e-16
1.54 -0.0436284485706919 0.345073483133917 9.52363188311267e-16
1.56 -0.0479142355699998 0.358545492680062 1.59594559789866e-16
1.58 -0.0525372092792129 0.372245549294404 1.38777878078145e-16
1.6 -0.057516364215251 0.386163245378747 4.9960036108132e-16
1.62 -0.0628712080737351 0.400287231560771 1.40588495706195e-15
1.64 -0.0686216681036692 0.414605104539762 -1.54390389361936e-16
1.66 -0.0747879974821713 0.429103294932345 -2.63677968348475e-16
1.68 -0.081390766803032 0.443767057076639 -2.4980018054066e-16
1.7 -0.0884508640767803 0.458580469032256 -1.11022302462516e-15
1.72 -0.0959894797239088 0.473526422456464 -3.7621815385247e-17
1.74 -0.104027941501012 0.488586511241917 -3.79904441238921e-16
1.76 -0.112587549426864 0.503740920154392 -7.28583859910259e-16
1.78 -0.121689560775721 0.518968414708948 1.02695629777827e-15
1.8 -0.13135519007732 0.534246341169926 4.9960036108132e-16
1.82 -0.141605586785683 0.54955061958452 1.40588495706195e-15
1.84 -0.152461589636082 0.564855667152108 1.62196645003831e-15
1.86 -0.163943481001983 0.580134321593566 6.24500451351651e-16
1.88 -0.176070964563867 0.595357834184854 1.08246744900953e-15
1.9 -0.188863165309244 0.610495869757005 -2.22044604925031e-16
1.92 -0.202338600133 0.625516506254369 -3.77302356024956e-17
1.94 -0.216514854441567 0.640386229875188 -3.81639164714898e-16
1.96 -0.231408258757034 0.655069930212191 -1.6306400674182e-15
1.98 -0.247033859317532 0.669530899810821 1.11022302462516e-16
2 -0.263405418077248 0.683730834169236 -4.44089209850063e-16
2.02 -0.28053537804627 0.697629842763442 2.95553512219549e-16
2.04 -0.298434482029058 0.711186570323703 5.10008701937181e-16
2.06 -0.317111391362937 0.724358318110961 1.66533453693773e-16
2.08 -0.336572651257914 0.737101054941967 -7.21644966006352e-16
2.1 -0.356822690796734 0.749369417189274 -1.22124532708767e-15
2.12 -0.377863788918372 0.761116736017665 -1.1478448400104e-15
2.14 -0.399695700236983 0.772295336984785 -1.71217207078911e-15
2.16 -0.422315280860841 0.78285683964178 -2.94902990916057e-15
2.18 -0.445716454375846 0.792752184769715 -1.63757896132211e-15
2.2 -0.469890211845556 0.801931634379578 -1.27675647831893e-15
2.22 -0.494824586809756 0.81034481630492 5.17706537361828e-16
2.24 -0.520504380268923 0.817941214720948 1.62196645003831e-15
2.26 -0.546910885668659 0.824670660663614 6.24500451351651e-16
2.28 -0.574021863898297 0.830483376622259 1.52655665885959e-15
2.3 -0.601811543290899 0.835329976539614 6.66133814775094e-16
2.32 -0.630250613642243 0.839161525495546 8.50556604314878e-16
2.34 -0.659306160419889 0.841930196228289 5.08273978461204e-16
2.36 -0.688941598972229 0.843589925655678 1.59594559789866e-16
2.38 -0.719116668547442 0.844096474558892 1.02695629777827e-15
2.4 -0.749787432293568 0.843407427582459 4.9960036108132e-16
2.42 -0.780906300761182 0.84148225816219 1.40566811662746e-15
2.44 -0.812422290433496 0.838283042732511 1.61849700308636e-15
2.46 -0.844281282256411 0.833775174933795 5.96744875736022e-16
2.48 -0.876426045141254 0.8279274305403 1.02695629777827e-15
2.5 -0.908796235964793 0.820711967460166 -4.44089209850063e-16
2.52 -0.941328454784287 0.81210437959476 -4.81602605018061e-16
2.54 -0.973956852203201 0.802084289291439 -1.26634813746307e-15
2.56 -1.00661373673695 0.790635939796326 -2.4980018054066e-15
2.58 -1.03922963002792 0.777748249113637 -1.60982338570648e-15
2.6 -1.07173326684552 0.763414810005692 -2.1094237467878e-15
2.62 -1.10405167584192 0.747633916705897 -1.14773641979315e-15
2.64 -1.13611106786561 0.730408858761546 -8.22258927613007e-16
2.66 -1.1678377242749 0.711748214876632 -7.21644966006352e-16
2.68 -1.19915807769376 0.69166587962483 -2.77555756156289e-16
2.7 -1.22999871201173 0.670181063449496 5.55111512312578e-16
2.72 -1.26028645250365 0.64731827869338 1.51679883930722e-15
2.74 -1.28994935714586 0.623107185925505 1.84227633148737e-15
2.76 -1.31891770793235 0.597582440268037 1.66533453693773e-16
2.78 -1.34712410099449 0.570783677425997 1.0547118733939e-15
2.8 -1.374503446601 0.542755513687265 5.55111512312578e-16
2.82 -1.4009930448696 0.513547491258171 1.51669041908997e-15
2.84 -1.42653341859528 0.483213476954967 9.52363188311267e-16
2.86 -1.45106914607861 0.451811060895317 1.52655665885959e-16
2.88 -1.47454893683736 0.419401501833874 1.38777878078145e-16
2.9 -1.49692563160654 0.386049727162292 -4.44089209850063e-16
2.92 -1.51815624530934 0.351824250618338 4.06684234899313e-16
2.94 -1.53820243973815 0.316796267086268 -3.76434994286967e-16
2.96 -1.55703099623546 0.281038747397183 -1.1518563880486e-15
2.98 -1.57461385866489 0.24462635603816 -6.93889390390723e-16
3 -1.59092813341119 0.207635451152245 -1.11022302462516e-15
3.02 -1.60595609033655 0.170143994569551 -3.7621815385247e-17
3.04 -1.61968517330037 0.13223056214927 -3.79904441238921e-16
3.06 -1.63210801067898 0.0939733541216806 -1.17267306976032e-15
3.08 -1.64322241632198 0.0554501051192491 5.82867087928207e-16
3.1 -1.65303138955225 0.0167380841766202 4.9960036108132e-16
3.12 -1.66154307820444 -0.0220859798614008 1.40588495706195e-15
3.14 -1.66877037204853 -0.0609467188521568 2.51014486973844e-15
3.16 -1.67473049621336 -0.0997709458674325 6.24500451351651e-16
3.18 -1.67944497422514 -0.138487729785478 1.08246744900953e-15
3.2 -1.68293962800747 -0.177028395291023 -2.22044604925031e-16
3.22 -1.68524451859195 -0.215326568791683 -3.7621815385247e-17
3.24 -1.68639329393546 -0.253318683498652 -3.79904441238921e-16
3.26 -1.68642253673734 -0.290944484507363 -7.35522753814166e-16
3.28 -1.68537170515008 -0.328147074713921 1.38777878078145e-16
3.3 -1.68328313277931 -0.364872914815102 4.44089209850063e-16
3.32 -1.68020196364961 -0.401071837555191 4.06684234899313e-16
3.34 -1.6761754368286 -0.436697204441214 5.11743425413158e-16
3.36 -1.67125217105105 -0.471706062458179 6.24500451351651e-16
3.38 -1.66548209968462 -0.506059158315904 -2.4980018054066e-16
3.4 -1.65891647072996 -0.539720938449032 -2.22044604925031e-16
3.42 -1.65160779084416 -0.572659536224505 -3.7621815385247e-17
3.44 -1.64360920959955 -0.604846631223925 -3.79904441238921e-16
3.46 -1.63497390374248 -0.636257308525914 -2.06779038336435e-15
3.48 -1.62575502121683 -0.666870045913594 -3.05311331771918e-16
3.5 -1.61600568116403 -0.696666713874591 -4.44089209850063e-16
3.52 -1.60577893476108 -0.725632546779647 4.06575814682064e-16
3.54 -1.59512733443946 -0.753755825847329 1.39818712163731e-15
3.56 -1.58410250310385 -0.781027562108739 6.10622663543836e-16
3.58 -1.57275509497027 -0.807441467586125 -2.77555756156289e-16
3.6 -1.56113479556607 -0.832993955292882 -3.33066907387547e-16
3.62 -1.54929030025939 -0.857684104215465 -2.5955800009303e-16
3.64 -1.53726907808356 -0.881513274114426 -8.22258927613007e-16
3.66 -1.52511713556144 -0.904484720325457 -1.60982338570648e-15
3.68 -1.51287899523494 -0.926603558741298 -1.16573417585641e-15
3.7 -1.50059769566501 -0.947876765811742 -3.33066907387547e-16
3.72 -1.4883147853346 -0.968313144566799 -2.59666420310278e-16
3.74 -1.47607025558159 -0.987922950871559 9.52363188311267e-16
3.76 -1.4639024735316 -1.00671751968104 1.59594559789866e-16
3.78 -1.45184817600102 -1.02470923106338 1.38777878078145e-16
3.8 -1.439942469497 -1.04191151019978 4.9960036108132e-16
3.82 -1.4282188345168 -1.05833879906692 1.40577653684471e-15
3.84 -1.41670917284061 -1.07400624494245 -1.56125112837913e-16
3.86 -1.40544385482442 -1.08892938891064 -2.77555756156289e-16
3.88 -1.39445172369932 -1.10312413754465 -2.77555756156289e-16
3.9 -1.38376009557153 -1.11660676290658 -1.22124532708767e-15
3.92 -1.37339476942413 -1.12939388088176 -2.5955800009303e-16
3.94 -1.36338013713588 -1.14150221285618 -8.22258927613007e-16
3.96 -1.35373929350006 -1.1529483473939 -1.16573417585641e-15
3.98 -1.34449404622623 -1.16374871857143 1.66533453693773e-16
4 -1.33566491594021 -1.17391960597766 -3.33066907387547e-16
4.02 -1.32727114852151 -1.18347711904205 6.28511999389847e-16
4.04 -1.31933085081546 -1.19243702464439 9.52363188311267e-16
4.06 -1.31186112634523 -1.20081457472453 1.52655665885959e-16
4.08 -1.30487808764933 -1.20862449061056 1.02695629777827e-15
4.1 -1.29839685628162 -1.21588096301881 4.44089209850063e-16
4.12 -1.29243157454486 -1.22259764102239 4.06575814682064e-16
4.14 -1.28699553456062 -1.22878751070518 5.10008701937181e-16
4.16 -1.28210130733904 -1.23446277381588 -2.77555756156289e-16
4.18 -1.27776075451247 -1.23963483673652 -7.21644966006352e-16
4.2 -1.27398502833549 -1.24431431048246 -1.22124532708767e-15
4.22 -1.27078458138234 -1.24851100227044 -2.5955800009303e-16
4.24 -1.26816927321915 -1.25223382276674 -8.22258927613007e-16
4.26 -1.26614847707613 -1.25549069333542 -1.60982338570648e-15
4.28 -1.26473108954508 -1.25828853760629 -2.77555756156289e-16
4.3 -1.2639255305793 -1.26063328147495 -3.33066907387547e-16
4.32 -1.26373975002375 -1.26252984557877 6.28728839824344e-16
4.34 -1.26418129944545 -1.26398206253293 1.84401105496335e-15
4.36 -1.26525740396401 -1.26499259416637 1.80411241501588e-16
4.38 -1.26697496878168 -1.26556292399787 1.08246744900953e-15
4.4 -1.26934057918332 -1.26569335723597 6.66133814775094e-16
4.42 -1.27236050281553 -1.26538301275191 1.738735024015e-15
4.44 -1.27604071475665 -1.26462973478095 1.39645239816133e-15
4.46 -1.28038692258675 -1.2634300046238 5.96744875736022e-16
4.48 -1.28540456866679 -1.26177893261945 1.02695629777827e-15
4.5 -1.29109883013856 -1.25967025814522 4.44089209850063e-16
4.52 -1.29747461557429 -1.25709634017479 1.29486265459944e-15
4.54 -1.30453652812203 -1.25404805341734 5.11743425413158e-16
4.56 -1.31228882865101 -1.25051468445662 -2.63677968348475e-16
4.58 -1.32073543240121 -1.24648392230904 -2.4980018054066e-16
4.6 -1.32987990898341 -1.24194185842366 -1.11022302462516e-15
4.62 -1.33972547184016 -1.23687297545463 -9.25691814868124e-16
4.64 -1.35027486231688 -1.23126002375771 -3.78169717762944e-16
4.66 -1.36153023373304 -1.22508389788675 -2.05391259555654e-15
4.68 -1.37349314084312 -1.21832362536614 -2.77555756156289e-16
4.7 -1.38616453983661 -1.21095636669077 -3.33066907387547e-16
4.72 -1.39954476685974 -1.2029574037508 6.28511999389847e-16
4.74 -1.41363330175422 -1.19430001250332 1.84054160801139e-15
4.76 -1.42842853179596 -1.18495533564411 1.04777297948999e-15
4.78 -1.44392773021677 -1.17489237103237 5.82867087928207e-16
4.8 -1.46012705620441 -1.16407797169068 4.9960036108132e-16
4.82 -1.47702151994909 -1.15247683669263 5.17706537361828e-16
4.84 -1.4946045981559 -1.14005141092645 -1.54390389361936e-16
4.86 -1.51286784955707 -1.12676178485875 -1.1518563880486e-15
4.88 -1.53180087995862 -1.11256568542202 -1.13797860024079e-15
4.9 -1.55139134224031 -1.09741847601473 -1.11022302462516e-15
4.92 -1.57162488181585 -1.08127315773188 -9.25800235085372e-16
4.94 -1.59248453669497 -1.06408038290202 -3.79904441238921e-16
4.96 -1.61395013754548 -1.04578846862419 -7.35522753814166e-16
4.98 -1.63599825315349 -1.02634339799855 1.02695629777827e-15
5 -1.65860219042339 -1.00568882012638 4.44089209850063e-16
5.02 -1.6817319394848 -0.9837660801976 1.29475423438219e-15
5.04 -1.7053535698692 -0.960514550453547 5.10008701937181e-16
5.06 -1.72942862668655 -0.935871961149721 6.10622663543836e-16
5.08 -1.75391407573219 -0.909774430643315 6.10622663543836e-16
5.1 -1.77876230348691 -0.882156465393209 -3.33066907387547e-16
5.12 -1.80392103921495 -0.852951012760847 -2.59449579875781e-16
5.14 -1.82933249804225 -0.822090041819755 -8.2052420413703e-16
5.16 -1.85493252403481 -0.789505124165091 -2.48412401759879e-15
5.18 -1.88065051229662 -0.755127486714498 -1.13797860024079e-15
5.2 -1.90640940896976 -0.718888011708112 -1.11022302462516e-15
5.22 -1.93212563043756 -0.680717341898284 -3.77302356024956e-17
5.24 -1.95770817456046 -0.640547037636614 1.39471767468535e-15
5.26 -1.98305773191181 -0.598310733960957 5.89805981832114e-16
5.28 -2.00806660498109 -0.553944245785172 9.99200722162641e-16
5.3 -2.03261870817393 -0.507385567899101 1.33226762955019e-15
5.32 -2.05658951561005 -0.458575052122159 2.0719103516198e-15
5.34 -2.07984548690076 -0.407457355992629 5.10008701937181e-16
5.36 -2.1022434929264 -0.353983391456957 1.66533453693773e-16
5.38 -2.12363076363429 -0.29811050202334 -7.21644966006352e-16
5.4 -2.14384488803875 -0.23980246276171 -2.1094237467878e-15
5.42 -2.16271384411666 -0.179029734795844 -2.03602325971053e-15
5.44 -2.18005632765892 -0.115772264716402 -1.71217207078911e-15
5.46 -2.19568208112178 -0.0500222839939966 -2.95596880306448e-15
5.48 -2.20939192352251 0.0182154365287249 -1.63757896132211e-15
5.5 -2.22097775043933 0.0889235866370726 -1.33226762955019e-15
5.52 -2.23022272115181 0.162072018738474 4.06684234899313e-16
5.54 -2.23690331718486 0.237614469798203 1.39992184511328e-15
5.56 -2.24079140085269 0.315485283275101 6.24500451351651e-16
5.58 -2.24165440239917 0.395599111115739 1.08246744900953e-15
5.6 -2.23925531999787 0.477850913754418 6.66133814775094e-16
5.62 -2.23335313188863 0.562115720804461 8.50556604314878e-16
5.64 -2.22370732988034 0.64824599866246 5.08273978461204e-16
5.66 -2.21008245285373 0.736069018112524 -2.91433543964104e-16
5.68 -2.19224849889796 0.825386615017571 5.82867087928207e-16
5.7 -2.16998092531064 0.915975190319332 4.44089209850063e-16
5.72 -2.14306127826136 1.00758571190816 1.29486265459944e-15
5.74 -2.11128411909065 1.09994373519104 2.28810026481341e-15
5.76 -2.07446395060898 1.19274942365952 6.24500451351651e-16
5.78 -2.0324358467603 1.28567755075958 6.38378239159465e-16
5.8 -1.98505545262202 1.37837749989162 -2.22044604925031e-16
5.82 -1.93219966068888 1.47047369846519 -3.7621815385247e-17
5.84 -1.8737740499957 1.56157039250114 -3.79904441238921e-16
5.86 -1.80972032524 1.65125642123378 -1.17961196366423e-15
5.88 -1.74001699306593 1.73910565116561 -3.05311331771918e-16
5.9 -1.66467936206424 1.82467697606734 4.44089209850063e-16
5.92 -1.58375992303858 1.90751522653684 4.06684234899313e-16
5.94 -1.49735253193468 1.98716117514765 1.39992184511328e-15
5.96 -1.40559659276948 2.06316154159753 6.24500451351651e-16
5.98 -1.30867743789747 2.13506990226741 -2.4980018054066e-16
6 -1.20682632801061 2.20244669022137 -2.22044604925031e-16
6.02 -1.10032017644317 2.26486031141131 -3.78386558197441e-17
6.04 -0.989478516523878 2.32189942292788 -3.83373888190874e-16
6.06 -0.874660468928188 2.3731852112514 -1.18655085756814e-15
6.08 -0.756264465982993 2.41837250845655 -3.60822483003176e-16
6.1 -0.634728251666645 2.45714979221233 3.88578058618805e-16
6.12 -0.510527890745218 2.48923996852517 2.95661932436797e-16
6.14 -0.384166869271417 2.51440898191325 1.17787724018825e-15
6.16 -0.256165195083494 2.53247442558072 1.80411241501588e-16
6.18 -0.127058406941529 2.54330632416086 -6.93889390390723e-16
6.2 0.00260242547258827 2.54682713371605 -1.11022302462516e-15
6.22 0.13225200564304 2.5430117389778 -9.25800235085372e-16
6.24 0.261325155186894 2.53188742298679 -1.26808286093905e-15
6.26 0.389271158820893 2.51353383673292 -1.62370117351429e-15
6.28 0.515555068449357 2.48808299639529 -7.49400541621981e-16
6.3 0.639657703164186 2.45571928334226 4.44089209850063e-16
6.32 0.761076636152567 2.41667865508475 1.29486265459944e-15
6.34 0.879337050681858 2.37123996576321 2.28810026481341e-15
6.36 0.994002596084478 2.31971628663451 1.51267887105178e-15
6.38 1.1046763746656 2.26245411702537 1.52655665885959e-15
6.4 1.2110009417032 2.19983338433226 6.66133814775094e-16
6.42 1.31265857370974 2.13226632834695 8.50665024532127e-16
6.44 1.40937421931155 2.06018522883654 -3.78169717762944e-16
6.46 1.50091845012812 1.98403013312348 -1.16573417585641e-15
6.48 1.58710772903386 1.90424774041112 -2.77555756156289e-16
6.5 1.66780441015811 1.82129140178362 5.55111512312578e-16
6.52 1.74291635592666 1.73562021381332 6.28620419607095e-16
6.54 1.81239272451899 1.64768904824093 1.84227633148737e-15
6.56 1.87621975732541 1.55793858165587 1.0547118733939e-15
6.58 1.9344203959886 1.46679438910352 6.10622663543836e-16
6.6 1.98705428240364 1.37466694408521 5.55111512312578e-16
6.62 2.03421708069663 1.28195118797493 6.28620419607095e-16
6.64 2.07603301898918 1.18902179360263 6.59194920871187e-17
6.66 2.11264743116303 1.09622842883753 -7.21644966006352e-16
6.68 2.14422607883863 1.00389532600482 -7.21644966006352e-16
6.7 2.17095515137513 0.912321281885645 -3.33066907387547e-16
6.72 2.19304063798952 0.821779659436331 -2.59666420310278e-16
6.74 2.21070142106717 0.732518406700185 6.41847686111419e-17
6.76 2.22416236947233 0.644760075719221 -7.35522753814166e-16
6.78 2.23365371066728 0.55870182425343 1.38777878078145e-16
6.8 2.23941103071232 0.474515415780767 -4.44089209850063e-16
6.82 2.24167486407592 0.392347459205483 4.06575814682064e-16
6.84 2.24068618154596 0.312322045649706 -3.78169717762944e-16
6.86 2.23668187814108 0.234543385245022 -1.16573417585641e-15
6.88 2.22989436292076 0.159096046840812 -7.21644966006352e-16
6.9 2.22055155898531 0.0860449580042338 -1.22124532708767e-15
6.92 2.20887671770698 0.0154357033059889 -2.59666420310278e-16
6.94 2.19508637527136 -0.0527021945364233 -8.23993651088983e-16
6.96 2.17938830921894 -0.118351993515444 -1.61676227961038e-15
6.98 2.1619813526761 -0.181509434047697 -3.05311331771918e-16
7 2.14305539435517 -0.242182738973997 -3.88578058618805e-16
7.02 2.12279134977771 -0.300392359620948 5.1759811714458e-16
7.04 2.10136084473158 -0.356168182478568 1.62023172656234e-15
7.06 2.07892589872785 -0.409546735877918 -2.77555756156289e-16
7.08 2.05563889622421 -0.460570936052697 6.10622663543836e-16
7.1 2.03164258662493 -0.509290087139249 -3.33066907387547e-16
7.12 2.0070701369363 -0.555759704825004 6.28511999389847e-16
7.14 1.98204571097575 -0.600039576481294 6.41847686111419e-17
7.16 1.95668504858118 -0.642191821296204 -2.84494650060196e-16
7.18 1.93109551826622 -0.682280713922989 1.38777878078145e-16
7.2 1.90537611722033 -0.720372684480093 -3.88578058618805e-16
7.22 1.87961755176339 -0.756536213773882 5.17706537361828e-16
7.24 1.85390312234709 -0.790840680748875 7.33788030338189e-16
7.26 1.82830960855628 -0.823355209937962 -2.63677968348475e-16
7.28 1.80290734956358 -0.854148566685145 6.38378239159465e-16
7.3 1.77776024412943 -0.88328915714555 -2.22044604925031e-16
7.32 1.75292582942289 -0.910844975735118 -3.7621815385247e-17
7.34 1.7284561480505 -0.936883027077292 5.08273978461204e-16
7.36 1.70439861508515 -0.96146874794971 1.59594559789866e-16
7.38 1.68079609688691 -0.984665954733893 1.02695629777827e-15
7.4 1.65768691110301 -1.00653684341526 4.9960036108132e-16
7.42 1.63510489159179 -1.02714196969366 1.40588495706195e-15
7.44 1.61308010258605 -1.04654003019957 1.62196645003831e-15
7.46 1.59163955285642 -1.06478764371017 6.24500451351651e-16
7.48 1.57080726063528 -1.08193933125994 1.08246744900953e-15
7.5 1.55060425361679 -1.09804751614068 -2.22044604925031e-16
7.52 1.53104861759784 -1.11316252175485 -3.7621815385247e-17
7.54 1.51215603152887 -1.12733254800306 -3.79904441238921e-16
7.56 1.49394030256474 -1.14060364767139 -1.61676227961038e-15
7.58 1.47641341470563 -1.15301972428487 1.38777878078145e-16
7.6 1.45958552879708 -1.16462253210741 -3.88578058618805e-16
7.62 1.4434650166352 -1.17545168205932 5.1759811714458e-16
7.64 1.42805883612376 -1.18554470680911 7.32053306862213e-16
7.66 1.41337290643135 -1.19493712586536 6.10622663543836e-16
7.68 1.39941214209652 -1.20366245149423 1.66533453693773e-16
7.7 1.38618045302784 -1.21175218871938 -3.33066907387547e-16
7.72 1.37368076709006 -1.21923584349871 -2.5955800009303e-16
7.74 1.36191527855255 -1.22614101266809 -8.22258927613007e-16
7.76 1.35088569653764 -1.2324934738851 -2.05391259555654e-15
7.78 1.34059326760689 -1.2383171938057 -7.21644966006352e-16
7.8 1.33103877576104 -1.24363432808428 -1.22124532708767e-15
7.82 1.32222255644632 -1.24846522865714 -2.59666420310278e-16
7.84 1.31414465062341 -1.25282852386113 6.41847686111419e-17
7.86 1.30680495883648 -1.25674119855232 1.59594559789866e-16
7.88 1.30020325521942 -1.26021860138948 1.38777878078145e-16
7.9 1.29433918749587 -1.26327444483413 4.9960036108132e-16
7.92 1.28921228449339 -1.26592080997901 5.1759811714458e-16
7.94 1.28482203879921 -1.26816819966176 -1.56125112837913e-16
7.96 1.28116798941616 -1.27002559157865 -2.77555756156289e-16
7.98 1.27824972927672 -1.27150044311305 -2.77555756156289e-16
8 1.27606690524307 -1.27259869133544 -1.22124532708767e-15
8.02 1.27461922044418 -1.27332475466444 -2.59774840527527e-16
8.04 1.27390645998321 -1.27368155113765 -8.2572837456496e-16
8.06 1.27392851664515 -1.27367051668266 -1.18655085756814e-15
8.08 1.27468539323377 -1.27329160677797 1.11022302462516e-16
8.1 1.27617720257167 -1.27254329645301 -4.44089209850063e-16
8.12 1.27840416511761 -1.27142257858306 2.95661932436797e-16
8.14 1.28136658275749 -1.26992494513306 5.11743425413158e-16
8.16 1.28506481259528 -1.26804436840146 -7.07767178198537e-16
8.18 1.28949926457038 -1.26577329931511 -2.4980018054066e-16
8.2 1.29467040145762 -1.26310266742929 -1.11022302462516e-15
8.22 1.30057873125722 -1.26002187607227 -9.25800235085372e-16
8.24 1.30722472348439 -1.25651874893633 -3.79904441238921e-16
8.26 1.31460872545891 -1.25257947666863 -7.35522753814166e-16
8.28 1.32273095469507 -1.2481886120159 1.38777878078145e-16
8.3 1.3315914989017 -1.24332906982438 4.44089209850063e-16
8.32 1.34119030190864 -1.23798211973238 1.29486265459944e-15
8.34 1.35152700885822 -1.23212730578796 2.28810026481341e-15
8.36 1.36260081139661 -1.22574236606663 1.51267887105178e-15
8.38 1.37441043360042 -1.21880322536389 1.52655665885959e-15
8.4 1.38695413197663 -1.21128399519523 6.66133814775094e-16
8.42 1.40022967276199 -1.20315696561225 8.5044818409763e-16
8.44 1.41423408221649 -1.19439251518071 -3.81639164714898e-16
8.46 1.42896339691678 -1.18495902095846 -1.18655085756814e-15
8.48 1.44441264105554 -1.17482285031162 -3.33066907387547e-16
8.5 1.46057582644152 -1.16394836091459 4.44089209850063e-16
8.52 1.47744591820322 -1.15229789490591 2.95661932436797e-16
8.54 1.49501445752963 -1.13983171460284 1.39992184511328e-15
8.56 1.51327118441103 -1.12650793821597 1.80411241501588e-16
8.58 1.53220400334262 -1.11228253400506 -6.93889390390723e-16
8.6 1.5517989833246 -1.09710932027905 -1.11022302462516e-15
8.62 1.5720403090714 -1.0809399676856 -9.25800235085372e-16
8.64 1.5929097443143 -1.0637240243956 -1.26808286093905e-15
8.66 1.61438609510386 -1.04540894128784 -1.61676227961038e-15
8.68 1.63644516101931 -1.02594007423847 -7.49400541621981e-16
8.7 1.65905973516849 -1.00526068412103 4.9960036108132e-16
8.72 1.68219953906118 -0.983311956958198 1.40577653684471e-15
8.74 1.70583050621526 -0.960033225591545 2.50841014626246e-15
8.76 1.72991406576286 -0.935362191351197 1.49880108324396e-15
8.78 1.75440707732367 -0.909234944207653 1.94289029309402e-15
8.8 1.7792618310049 -0.881585962771764 5.55111512312578e-16
8.82 1.80442596842033 -0.852348167397277 6.28511999389847e-16
8.84 1.82984161389907 -0.821453504308594 -8.23993651088983e-16
8.86 1.8554445056945 -0.788833529728563 -1.17961196366423e-15
8.88 1.88116391700317 -0.754419462980998 -7.49400541621981e-16
8.9 1.90692265596485 -0.718142186490672 -4.44089209850063e-16
8.92 1.93263698539486 -0.679932351290572 -4.81494184800813e-16
8.94 1.95821573983977 -0.639721537601576 -3.76434994286967e-16
8.96 1.98355944263311 -0.597443415412135 -2.63677968348475e-16
8.98 2.00856022562778 -0.55303384998552 -6.93889390390723e-16
9 2.03310182919592 -0.506430901859819 -2.22044604925031e-16
9.02 2.05705955012992 -0.457575004084648 -3.78386558197441e-17
9.04 2.08029966855193 -0.406410911824939 -3.83373888190874e-16
9.06 2.10267887482345 -0.352889651964719 -2.98372437868011e-16
9.08 2.12404421744625 -0.296968700343838 5.27355936696949e-16
9.1 2.14423310306233 -0.238611981757948 3.88578058618805e-16
9.12 2.16307332659464 -0.177790124863791 1.18373193191967e-15
9.14 2.18038340279438 -0.114483266137165 2.0643209364124e-15
9.16 2.19597289778847 -0.0486838538309312 1.66533453693773e-16
9.18 2.2096424592202 0.0196030971197268 1.66533453693773e-16
9.2 2.2211838162492 0.0903600050973079 -1.22124532708767e-15
9.22 2.23037996782379 0.163556423542089 -1.14762799957591e-15
9.24 2.23700725367649 0.239145760093308 -1.70870262383715e-15
9.26 2.24083742531954 0.317061995730339 -2.04003480774873e-15
9.28 2.24163783431722 0.397219386512794 -1.58206781009085e-15
9.3 2.23917143228584 0.479512463580534 -2.22044604925031e-16
9.32 2.23319718374739 0.563815795150622 8.5044818409763e-16
9.34 2.22347460751957 0.649981368483924 2.28289609438548e-15
9.36 2.20976831810582 0.737835971851701 1.47798440153224e-15
9.38 2.19184843854896 0.827180956532579 2.77555756156289e-15
9.4 2.16949060043116 0.917792236812541 2.22044604925031e-15
9.42 2.14247657393646 1.00942029209784 2.0719103516198e-15
9.44 2.11060119853774 1.10179019015695 1.39818712163731e-15
9.46 2.07367931368379 1.19460161036251 1.66533453693773e-16
9.48 2.03154638886174 1.28752884580427 -7.21644966006352e-16
9.5 1.98405852359708 1.38022080328904 -1.22124532708767e-15
9.52 1.93109312428004 1.47230144031249 -2.03580641927603e-15
9.54 1.87255634925581 1.56337457174854 -1.70870262383715e-15
9.56 1.80839055391479 1.65302867653881 -2.92821322744885e-15
9.58 1.73857496751897 1.74083733466433 -1.58206781009085e-15
9.6 1.66312569320194 1.82635922714562 -1.11022302462516e-15
9.62 1.58209608470478 1.90913904682003 8.5044818409763e-16
9.64 1.49558089047116 1.98871751689336 2.28289609438548e-15
9.66 1.40372039774244 2.06464140949147 1.47798440153224e-15
9.68 1.30670080929354 2.13646445643767 2.77555756156289e-15
9.7 1.20475424343298 2.20374734925273 2.22044604925031e-15
9.72 1.09815845722236 2.26605885462226 2.07201877183705e-15
9.74 0.987233801890943 2.32298808453779 1.39992184511328e-15
9.76 0.87234017825013 2.37415676643786 1.80411241501588e-16
9.78 0.753876759913036 2.4192203586754 -6.93889390390723e-16
9.8 0.632281993294447 2.45786805051774 -1.99840144432528e-15
9.82 0.508032602948423 2.48982354406265 -1.81387023456825e-15
9.84 0.381632650281738 2.51485365531535 -1.26634813746307e-15
9.86 0.253602592267372 2.53277691526535 -2.4980018054066e-15
9.88 0.124478286782053 2.5434643518026 -7.21644966006352e-16
9.9 -0.00518900739370376 2.54683948971748 -3.33066907387547e-16
9.92 -0.134833934196641 2.54287834246251 1.51669041908997e-15
9.94 -0.263891380111916 2.53160932153154 2.72872002771152e-15
9.96 -0.391810814004266 2.51311314583888 1.92901250528621e-15
9.98 -0.518057590739035 2.48752283348108 2.35922392732846e-15
10 -0.642112951182163 2.45502370173688 1.33226762955019e-15
10.02 -0.763475006201299 2.41585257761612 1.29475423438219e-15
10.04 -0.881669560677842 2.37028911389745 -3.78169717762944e-16
10.06 -0.996260937519021 2.31864710516601 -1.16573417585641e-15
10.08 -1.10685296165898 2.2612736983623 -1.60982338570648e-15
10.1 -1.2130889600588 2.19854939278222 -1.22124532708767e-15
10.12 -1.3146520285022 2.13088692280011 -1.14773641979315e-15
10.14 -1.41126796634901 2.05871896782269 -8.22258927613007e-16
10.16 -1.50270821128843 1.98248586224293 -1.60982338570648e-15
10.18 -1.58879010613486 1.90263447816315 -2.77555756156289e-16
10.2 -1.66937689882787 1.81961822539503 -3.33066907387547e-16
10.22 -1.74437735577687 1.73389614702294 6.28511999389847e-16
10.24 -1.8137415086521 1.64592297060086 9.52363188311267e-16
10.26 -1.8774564011757 1.55613915934925 1.59594559789866e-16
10.28 -1.93554570246632 1.46497000771844 1.02695629777827e-15
10.3 -1.98806970703914 1.37282564138859 4.9960036108132e-16
10.32 -2.03512465767161 1.28010058912698 1.40577653684471e-15
10.34 -2.07683529692647 1.1871690732178 7.32053306862213e-16
10.36 -2.11334741867479 1.09438029989195 -2.77555756156289e-16
10.38 -2.14482719096176 1.0020580311843 -2.77555756156289e-16
10.4 -2.17146115600661 0.9105005849337 -1.22124532708767e-15
10.42 -2.19345560229104 0.819980836868298 -2.5955800009303e-16
10.44 -2.21102965753127 0.730746243544223 -8.22258927613007e-16
10.46 -2.22440838165008 0.643018865284235 -1.16573417585641e-15
10.48 -2.23382213886521 0.556995368263082 1.66533453693773e-16
10.5 -2.23950659768939 0.472847024507481 -3.33066907387547e-16
10.52 -2.24170232168601 0.390719953119433 6.28403579172598e-16
10.54 -2.24065026778262 0.310737773732619 9.5062846483529e-16
10.56 -2.23658728458429 0.233004259968784 1.45716771982052e-16
10.58 -2.22974570312937 0.157603580661055 9.99200722162641e-16
10.6 -2.22035333688951 0.0846002998539317 4.44089209850063e-16
10.62 -2.20863329716054 0.0140396746138717 2.95987193088543e-16
10.64 -2.19480196236246 -0.0540490690543689 5.16947595841089e-16
10.66 -2.17906694733938 -0.119649460291388 -6.86950496486816e-16
10.68 -2.16162691875044 -0.182757485572557 -1.0547118733939e-15
10.7 -2.14267159506979 -0.243381588708024 -1.83186799063151e-15
10.72 -2.12238171783692 -0.301542417208741 -5.93058588349571e-16
10.74 -2.10092873541003 -0.357270032312771 -6.07153216591882e-16
10.76 -2.07847448671942 -0.410601119011601 -3.12250225675825e-16
10.78 -2.05517117251778 -0.461578732416164 1.38777878078145e-15
10.8 -2.03116135538021 -0.510252297756843 2.05391259555654e-15
10.82 -2.00657801283885 -0.556677434050985 2.73815258661214e-15
10.84 -1.98154512186402 -0.600914014445598 3.39832328943857e-15
10.86 -1.95617824334527 -0.643024226560048 1.51267887105178e-15
10.88 -1.93058457522606 -0.683072396153562 1.08246744900953e-15
10.9 -1.90486295250376 -0.72112498712525 -1.11022302462516e-15
10.92 -1.87910392772482 -0.757250497222561 -1.8139786547855e-15
10.94 -1.85339065643169 -0.791518310834564 -3.0444397003393e-15
10.96 -1.82779978260977 -0.823997551785203 -4.28823643261467e-15
10.98 -1.80240151918257 -0.854756979041773 -2.96984659087229e-15
11 -1.77725964801173 -0.88386498671493 -1.33226762955019e-15
11.02 -1.75243159849654 -0.911389551637116 4.06575814682064e-16
11.04 -1.72796931216889 -0.937397656725404 1.39818712163731e-15
11.06 -1.70392010728827 -0.961954714344306 1.49880108324396e-15
11.08 -1.68032675744125 -0.985124513884227 1.49880108324396e-15
11.1 -1.65722749154154 -1.00696922176146 1.4432899320127e-15
11.12 -1.63465605889829 -1.02754936152411 6.28620419607095e-16
11.14 -1.61264244496797 -1.04692359501721 6.59194920871187e-17
11.16 -1.59121358710624 -1.06514850354789 -7.21644966006352e-16
11.18 -1.57039343963629 -1.08227856799128 -1.16573417585641e-15
11.2 -1.55020297384882 -1.09836616879049 -3.33066907387547e-16
11.22 -1.53066022649535 -1.11346158397581 -2.59666420310278e-16
11.24 -1.51178083321404 -1.12761296737556 9.52363188311267e-16
11.26 -1.49357856195559 -1.14086632682697 1.59594559789866e-16
11.28 -1.47606536147653 -1.15326552219532 1.38777878078145e-16
11.3 -1.45925136133915 -1.16485226537396 4.9960036108132e-16
11.32 -1.44314490589723 -1.17566612618094 1.40588495706195e-15
11.34 -1.42775292813805 -1.18574459722201 -1.54390389361936e-16
11.36 -1.41308132352455 -1.19512315875359 -2.63677968348475e-16
11.38 -1.39913498398096 -1.20383528457944 -2.4980018054066e-16
11.4 -1.38591779789277 -1.21191244205062 -1.11022302462516e-15
11.42 -1.37343267279572 -1.21938410021403 -3.75133951679985e-17
11.44 -1.3616817849541 -1.22627781944599 -3.78169717762944e-16
11.46 -1.35066682893916 -1.2326193410858 -7.21644966006352e-16
11.48 -1.34038904031801 -1.23843259558431 1.0547118733939e-15
11.5 -1.33084919565364 -1.24373970250387 5.55111512312578e-16
11.52 -1.32204762637764 -1.24856097784139 1.51669041908997e-15
11.54 -1.3139843713902 -1.25291501458205 1.84054160801139e-15
11.56 -1.3066593296601 -1.25681876325296 1.04777297948999e-15
11.58 -1.30007227409742 -1.2602875392462 1.47104550762833e-15
11.6 -1.29422285155357 -1.26333502281885 4.9960036108132e-16
11.62 -1.28911059030792 -1.26597326389606 5.1759811714458e-16
11.64 -1.2847349824207 -1.26821273490472 -1.56125112837913e-16
11.66 -1.28109556608603 -1.27006238360716 -2.05391259555654e-15
11.68 -1.27819193311847 -1.27152963790424 -1.16573417585641e-15
11.7 -1.27602372895311 -1.27262040583535 -2.1094237467878e-15
11.72 -1.27459065506707 -1.27333907720217 -1.1478448400104e-15
11.74 -1.27389249561723 -1.27368854143034 -8.23993651088983e-16
11.76 -1.27392914407784 -1.27367020543111 -1.17267306976032e-15
11.78 -1.27470060566209 -1.27328399522513 1.38777878078145e-16
11.8 -1.27620699732217 -1.27252835594244 -3.88578058618805e-16
11.82 -1.2784485452218 -1.27140025013623 5.1759811714458e-16
11.84 -1.28142555693459 -1.26989513923418 -1.56125112837913e-16
11.86 -1.28513839364237 -1.26800696498975 -2.77555756156289e-16
11.88 -1.28958746760777 -1.26572814779595 6.10622663543836e-16
11.9 -1.29477324217421 -1.26304958668537 -3.33066907387547e-16
11.92 -1.30069622418676 -1.25996065446421 -2.5955800009303e-16
11.94 -1.30735688062128 -1.2564491441876 6.59194920871187e-17
11.96 -1.31475555521365 -1.25250121563469 -2.77555756156289e-16
11.98 -1.32289246088058 -1.24810139044287 1.66533453693773e-16
12 -1.33176767971961 -1.24323255210767 -3.33066907387547e-16
12.02 -1.34138114898443 -1.23787593861965 6.28511999389847e-16
12.04 -1.35173250681348 -1.23201106146927 9.52363188311267e-16
12.06 -1.36282093795851 -1.22561562465184 1.52655665885959e-16
12.08 -1.37464515975989 -1.21866551730429 1.02695629777827e-15
12.1 -1.38720342214662 -1.21113481370522 4.44089209850063e-16
12.12 -1.40049348472664 -1.20299576514566 4.06684234899313e-16
12.14 -1.41451236477983 -1.19421871050774 5.11743425413158e-16
12.16 -1.42925608525112 -1.18477198684333 -2.63677968348475e-16
12.18 -1.44471965184073 -1.1746219212449 -6.93889390390723e-16
12.2 -1.46089705300421 -1.16373283084542 -1.11022302462516e-15
12.22 -1.47778122574433 -1.15206701700881 -3.78386558197441e-17
12.24 -1.49536367932229 -1.13958470142371 -3.83373888190874e-16
12.26 -1.5136341189689 -1.12624396219736 -1.19348975147204e-15
12.28 -1.53258041167651 -1.11200072804595 5.27355936696949e-16
12.3 -1.55218858619902 -1.09680877829463 3.33066907387547e-16
12.32 -1.57244278424008 -1.08061974507041 1.07314331032615e-15
12.34 -1.59332472352352 -1.06338313742426 1.84921522539128e-15
12.36 -1.61481316086377 -1.04504636545331 -2.42861286636753e-16
12.38 -1.63688384335408 -1.02555474249371 -1.66533453693773e-16
12.4 -1.65950950836649 -1.00485148512061 -1.83186799063151e-15
12.42 -1.68265981810709 -0.982877733574526 -1.48112858783245e-15
12.44 -1.70630063972319 -0.959572776450381 -1.49359691281603e-15
12.46 -1.73039332541058 -0.934874275386665 -7.49400541621981e-16
12.48 -1.75489464696872 -0.908718285491706 5.27355936696949e-16
12.5 -1.77975679580074 -0.881039255343673 2.1094237467878e-15
12.52 -1.80492730421008 -0.851770080215147 2.84917488907466e-15
12.54 -1.83034817966357 -0.820842687543419 3.6203678943636e-15
12.56 -1.85595503905442 -0.788188622400801 2.84494650060196e-15
12.58 -1.88167702999892 -0.753739100719184 1.52655665885959e-15
12.6 -1.90743683083643 -0.717425009290047 -2.22044604925031e-16
12.62 -1.93315057026652 -0.67917701121578 -1.8139786547855e-15
12.64 -1.95872694335796 -0.638926705874244 -3.0444397003393e-15
12.66 -1.98406632755764 -0.596607788883348 -3.8372083288607e-15
12.68 -2.00906070232779 -0.552156157552354 -2.52575738102223e-15
12.7 -2.03359364914593 -0.505509910881897 -1.27675647831893e-15
12.72 -2.05754029926879 -0.456609527608984 -3.70580302555545e-16
12.74 -2.08076675913536 -0.405399824702149 7.32053306862213e-16
12.76 -2.10312953576987 -0.351831915856595 1.49880108324396e-15
12.78 -2.12447548454571 -0.295863389539213 1.94289029309402e-15
12.8 -2.14464180918545 -0.237458308988577 1.4432899320127e-15
12.82 -2.16345609303267 -0.176587467166077 6.28511999389847e-16
12.84 -2.18073664304252 -0.113231191218365 -8.23993651088983e-16
12.86 -2.19629283377228 -0.0473821469397983 -1.17961196366423e-15
12.88 -2.20992513865318 0.0209544062764243 -7.49400541621981e-16
12.9 -2.22142512999043 0.0917606154382718 -4.44089209850063e-16
12.92 -2.2305756671779 0.165005736214637 -4.81602605018061e-16
12.94 -2.23715296705952 0.240642857792768 -3.78169717762944e-16
12.96 -2.24092867429072 0.318605627735678 -2.77555756156289e-16
12.98 -2.24167004955311 0.398807954241925 -7.21644966006352e-16
13 -2.23913996955447 0.481144006145605 -3.33066907387547e-16
13.02 -2.23309734107376 0.565487973727386 -2.59666420310278e-16
13.04 -2.22330165545641 0.651691437635904 -8.23993651088983e-16
13.06 -2.20951754310957 0.739580737809156 -7.28583859910259e-16
13.08 -2.19151518754714 0.828956734285526 -3.05311331771918e-16
13.1 -2.16907032538977 0.9195948072038 -3.88578058618805e-16
13.12 -2.14196487810637 1.01124486219883 5.17706537361828e-16
13.14 -2.10999390117115 1.10363138975395 1.62196645003831e-15
13.16 -2.07297253322055 1.19645352455338 -2.63677968348475e-16
13.18 -2.03073662779481 1.28938505087794 6.38378239159465e-16
13.2 -1.98314275333795 1.38207440260499 -2.22044604925031e-16
13.22 -1.93006886741174 1.47414510074611 8.50556604314878e-16
13.24 -1.87142173304877 1.56520056636099 5.08273978461204e-16
13.26 -1.8071443351057 1.65482893347142 1.59594559789866e-16
13.28 -1.73721655447717 1.74260348659885 1.02695629777827e-15
13.3 -1.66165516809574 1.82808266076445 4.9960036108132e-16
13.32 -1.58051422748951 1.91081095351696 1.40577653684471e-15
13.34 -1.49388922291508 1.99032895723957 1.62023172656234e-15
13.36 -1.40192124749058 2.06618339145674 6.10622663543836e-16
13.38 -1.30479737575322 2.13792801486212 1.0547118733939e-15
13.4 -1.20275066365926 2.2051236253185 -3.33066907387547e-16
13.42 -1.09605986551148 2.26733917822037 -2.59666420310278e-16
13.44 -0.98504632016069 2.32416408848099 -8.23993651088983e-16
13.46 -0.870070837207293 2.37522053251968 -2.06085148946045e-15
13.48 -0.75153341392874 2.42016456662421 -7.49400541621981e-16
13.5 -0.629873235279489 2.45868612695083 -1.27675647831893e-15
13.52 -0.505567678318983 2.49050980509171 -3.70688722772794e-16
13.54 -0.379121360919233 2.51540337931661 -1.57859836313889e-16
13.56 -0.251055190472409 2.53318634581459 -2.84494650060196e-16
13.58 -0.121905368318793 2.5437306942614 -3.05311331771918e-16
13.6 0.00777661025321463 2.54696090781953 -3.88578058618805e-16
13.62 0.137425259068141 2.54285395606799 -3.70688722772794e-16
13.64 0.266475434734764 2.53143921723047 -1.04603825601401e-15
13.66 0.3943766703175 2.51279840040342 -7.28583859910259e-16
13.68 0.52059447839741 2.48706553848591 -3.05311331771918e-16
13.7 0.644610351072214 2.45442698817962 -1.27675647831893e-15
13.72 0.765922745343778 2.41512063435863 -3.70580302555545e-16
13.74 0.884057922380533 2.3694271381375 -1.56125112837913e-16
13.76 0.998580786779883 2.31766118493927 -7.21644966006352e-16
13.78 1.10909587195571 2.26017068886528 6.10622663543836e-16
13.8 1.21524734013837 2.19733679269517 -3.33066907387547e-16
13.82 1.31671924177809 2.12957275131391 -2.59666420310278e-16
13.84 1.41323836898258 2.05731164940894 9.52363188311267e-16
13.86 1.50457710895456 1.98099411916733 -2.84494650060196e-16
13.88 1.59055370339519 1.90106722370276 1.02695629777827e-15
13.9 1.67103224850408 1.81798445705559 4.9960036108132e-16
13.92 1.74592230973823 1.73220484225993 5.17489696927331e-16
13.94 1.81517468416053 1.64418301008239 1.61849700308636e-15
13.96 1.8787771627882 1.5543592777607 -2.84494650060196e-16
13.98 1.93675414535183 1.46315874707087 5.82867087928207e-16
14 1.98916664029528 1.37099130432721 -3.88578058618805e-16
14.02 2.03611158513014 1.27825119158396 -3.70580302555545e-16
14.04 2.07771437033401 1.18531228985353 -1.56125112837913e-16
14.06 2.11412136324878 1.09252340232463 -7.21644966006352e-16
14.08 2.14549922843508 1.000207825564 -2.77555756156289e-16
14.1 2.17203492767221 0.908663349516349 -1.22124532708767e-15
14.12 2.19393509261022 0.81816226378838 -2.59666420310278e-16
14.14 2.21141912394228 0.728951426772602 6.41847686111419e-17
14.16 2.22471229057698 0.641252334771172 -2.84494650060196e-16
14.18 2.23404510229043 0.555261128279882 1.02695629777827e-15
14.2 2.23965330972622 0.471148591988148 4.9960036108132e-16
14.22 2.24177749718774 0.38906039514389 5.17706537361828e-16
14.24 2.24065860335352 0.309119735567089 1.62196645003831e-15
14.26 2.23653344199257 0.231429983663339 -2.63677968348475e-16
14.28 2.2296342947567 0.156074922788725 6.38378239159465e-16
14.3 2.22018891118051 0.0831187492498158 -2.22044604925031e-16
14.32 2.2084203235749 0.0126063702370255 -3.7621815385247e-17
14.34 2.19454481085584 -0.0554333189084762 5.08273978461204e-16
14.36 2.1787698623731 -0.120984157427841 1.59594559789866e-16
14.38 2.16129399280381 -0.184042421211193 1.02695629777827e-15
14.4 2.14230674215241 -0.244616822797628 4.9960036108132e-16
14.42 2.12198864839181 -0.30272825717112 1.40577653684471e-15
14.44 2.1005109465157 -0.358407005515568 1.62023172656234e-15
14.46 2.07803526759098 -0.411689938969834 6.10622663543836e-16
14.48 2.0547136113988 -0.462620264423654 1.0547118733939e-15
14.5 2.03068834643459 -0.511247524517638 -3.33066907387547e-16
14.52 2.0060922631195 -0.557627422466167 -2.59449579875781e-16
14.54 1.98104915912613 -0.601819895109194 -8.2052420413703e-16
14.56 1.95567442470421 -0.643887185964059 -2.04003480774873e-15
14.58 1.93007509589207 -0.683893670048376 -6.93889390390723e-16
14.6 1.90434985451664 -0.72190585388004 -1.11022302462516e-15
14.62 1.87858910836111 -0.757992271096969 -3.7621815385247e-17
14.64 1.85287587300971 -0.792222334274354 5.08273978461204e-16
14.66 1.82728665369238 -0.824665186741912 6.03683769639929e-16
14.68 1.8018915254525 -0.855389598203627 1.02695629777827e-15
14.7 1.77675413314689 -0.884463964737759 1.38777878078145e-15
14.72 1.75193177067276 -0.911956256404993 1.40577653684471e-15
14.74 1.72747625246416 -0.937933440938161 7.32053306862213e-16
14.76 1.70343478498849 -0.962460907431953 6.10622663543836e-16
14.78 1.67985004597344 -0.985602413951078 1.66533453693773e-16
14.8 1.65676018440698 -1.00742008753026 -1.22124532708767e-15
14.82 1.63419888422528 -1.02797440515695 -1.1478448400104e-15
14.84 1.61219606487986 -1.04732398458098 -8.23993651088983e-16
14.86 1.59077858190474 -1.06552537512428 -2.06779038336435e-15
14.88 1.56997029060433 -1.08263303866357 -7.49400541621981e-16
14.9 1.54979204605346 -1.09869934963035 -1.33226762955019e-15
14.92 1.53026175490912 -1.1137745909528 -4.81494184800813e-16
14.94 1.51139494534012 -1.12790690941654 -3.76434994286967e-16
14.96 1.49320533695662 -1.14114227102543 -2.63677968348475e-16
14.98 1.47570489262192 -1.15352445694344 -6.93889390390723e-16
15 1.45890381845249 -1.16509506349465 -2.22044604925031e-16
15.02 1.44281059211505 -1.17589351176913 -3.75133951679985e-17
15.04 1.42743227409465 -1.18595715328764 -3.78169717762944e-16
15.06 1.41277481896274 -1.1953213756662 -2.77555756156289e-16
15.08 1.39884310367433 -1.20401961222203 6.10622663543836e-16
15.1 1.38564092756789 -1.21208334197356 5.55111512312578e-16
15.12 1.3731710405636 -1.219542093989 1.51679883930722e-15
15.14 1.3614354533431 -1.22642349522127 2.73045475118749e-15
15.16 1.35043574752925 -1.23275331834279 1.0547118733939e-15
15.18 1.34017310388432 -1.2385554860942 1.49880108324396e-15
15.2 1.33064830230997 -1.24385207128427 5.55111512312578e-16
15.22 1.32186173199718 -1.24866330669969 6.28511999389847e-16
15.24 1.31381350307502 -1.253007694112 6.41847686111419e-17
15.26 1.30650355825951 -1.25690211328461 -7.35522753814166e-16
15.28 1.29993168300349 -1.26036183188246 -7.49400541621981e-16
15.3 1.29409750549664 -1.2634005054721 -4.44089209850063e-16
15.32 1.28900050639044 -1.2660301807782 -4.81602605018061e-16
15.34 1.28464012577263 -1.2682613315061 -3.78169717762944e-16
15.36 1.28101587014177 -1.27010289416423 -1.16573417585641e-15
15.38 1.27812732213216 -1.27156227132073 -7.21644966006352e-16
15.4 1.27597414051385 -1.27264533160342 -1.22124532708767e-15
15.42 1.27455606107026 -1.27335641230636 -2.5955800009303e-16
15.44 1.27387290625214 -1.27369834806161 -8.22258927613007e-16
15.46 1.27392459483142 -1.27367249951096 -1.60982338570648e-15
15.48 1.2747111427789 -1.27327875591249 -2.77555756156289e-16
15.5 1.27623266326423 -1.27251553514056 -3.33066907387547e-16
15.52 1.27848936504768 -1.27137978136421 6.28620419607095e-16
15.54 1.2814815347895 -1.26986693950961 1.84227633148737e-15
15.56 1.28520951935936 -1.26797092972252 1.66533453693773e-16
15.58 1.28967372422808 -1.26568414504667 1.0547118733939e-15
15.6 1.29487461346764 -1.2629974514238 5.55111512312578e-16
15.62 1.30081270171803 -1.25990018314772 1.51669041908997e-15
15.64 1.30748846582275 -1.25638009285951 9.52363188311267e-16
15.66 1.31490225646421 -1.25242330154266 1.52655665885959e-16
15.68 1.32305429013066 -1.24801429397716 1.38777878078145e-16
15.7 1.33194464911612 -1.24313591873955 -4.44089209850063e-16
15.72 1.34157326754343 -1.23776938066451 4.06575814682064e-16
15.74 1.35193977761704 -1.23189415792285 -3.78169717762944e-16
15.76 1.36304335587584 -1.22548791909945 -1.16573417585641e-15
15.78 1.37488270921618 -1.21852651565492 -7.21644966006352e-16
15.8 1.38745607489185 -1.2109839819256 -1.22124532708767e-15
15.82 1.40076119757242 -1.20283252715234 -2.59666420310278e-16
15.84 1.41479507698515 -1.19404244779734 -8.23993651088983e-16
15.86 1.42955371555689 -1.18458203986099 -1.61676227961038e-15
15.88 1.44503209547239 -1.17441759091068 -3.05311331771918e-16
15.9 1.46122417867436 -1.16351338008075 -3.88578058618805e-16
15.92 1.47812287276811 -1.15183167201964 5.1759811714458e-16
15.94 1.49571965597297 -1.13933265030801 1.62023172656234e-15
15.96 1.51400420207376 -1.12597435087681 -2.77555756156289e-16
15.98 1.53296434632543 -1.11171265595442 6.10622663543836e-16
16 1.55258608545309 -1.09650129406663 -3.33066907387547e-16
16.02 1.57285352833421 -1.0802918425904 6.28511999389847e-16
16.04 1.5937483535033 -1.06303375584516 6.41847686111419e-17
16.06 1.61524926665653 -1.04467439318409 -2.84494650060196e-16
16.08 1.63733195133395 -1.02515902154787 1.38777878078145e-16
16.1 1.65996906891952 -1.00443081546472 -3.88578058618805e-16
16.12 1.68313019365204 -0.982430877445167 5.1759811714458e-16
16.14 1.70678109774549 -0.959098462325442 7.32053306862213e-16
16.16 1.73088303650932 -0.934371201610714 -2.77555756156289e-16
16.18 1.75539268335947 -0.908185123869972 6.10622663543836e-16
16.2 1.7802621298183 -0.880474654736009 -3.33066907387547e-16
16.22 1.80543880651723 -0.851172670029155 -2.59666420310278e-16
16.24 1.83086461422538 -0.820211080118232 6.41847686111419e-17
16.26 1.85647505487826 -0.787521414281519 -2.84494650060196e-16
16.28 1.88219915258033 -0.753034873830479 1.38777878078145e-16
16.3 1.90795945360502 -0.716682332109751 -3.88578058618805e-16
16.32 1.93367194575439 -0.678394440811138 5.17706537361828e-16
16.34 1.95924517131544 -0.638102799427432 7.33788030338189e-16
16.36 1.98457934001631 -0.595741124706227 -2.63677968348475e-16
16.38 2.00956624838601 -0.551245356963916 6.38378239159465e-16
16.4 2.03408927975438 -0.504553660085677 -2.22044604925031e-16
16.42 2.05802335303296 -0.455606599531347 -3.78386558197441e-17
16.44 2.08123435930434 -0.404349100399952 5.04804531509251e-16
16.46 2.1035785984115 -0.350732405494242 1.45716771982052e-16
16.48 2.12490272773869 -0.294714253326551 9.71445146547012e-16
16.5 2.1450437622114 -0.236258878118801 3.88578058618805e-16
16.52 2.16382910523381 -0.175337264526522 1.18405719257142e-15
16.54 2.18107688900059 -0.111929949603052 1.18134668714021e-15
16.56 2.19659631480874 -0.0460298247637543 1.87350135405495e-16
16.58 2.210187683995 0.0223576094899759 2.4980018054066e-16
16.6 2.22164239793585 0.0932142435707028 -1.0547118733939e-15
16.62 2.23074314723088 0.166509059380298 -8.14777932622857e-16
16.64 2.23726599271977 0.242194836638704 -1.04603825601401e-15
16.66 2.24098244649925 0.320204859212702 -2.06779038336435e-15
16.68 2.24165966110647 0.400452615691256 -3.05311331771918e-16
16.7 2.23906042951899 0.482831799385512 4.44089209850063e-16
16.72 2.23294360147094 0.567216071756652 2.18293265408231e-15
16.74 2.22306866293077 0.653456460122283 3.17454396103756e-15
16.76 2.20920031557899 0.741378755362831 1.94289029309402e-15
16.78 2.19110889312431 0.830783275349388 1.94289029309402e-15
16.8 2.16857036130368 0.921444864943716 5.55111512312578e-16
16.82 2.14136694757354 1.01311290192639 -2.59449579875781e-16
16.84 2.10929406771433 1.1055113622064 -8.2052420413703e-16
16.86 2.07216725243483 1.19833888503069 -2.48412401759879e-15
16.88 2.02982277706356 1.29126877891235 -2.02615701994091e-15
16.9 1.98211766154871 1.3839490216306 -1.11022302462516e-15
16.92 1.92893034786681 1.47600269854058 -3.7621815385247e-17
16.94 1.87016815151728 1.56703282398115 5.08273978461204e-16
16.96 1.80577471301717 1.65662716268272 5.96744875736022e-16
16.98 1.73573067530969 1.74435866807702 1.02695629777827e-15
17 1.66005368376424 1.82978548229708 1.33226762955019e-15
17.02 1.5787987594808 1.9124518538533 1.29464581416494e-15
17.04 1.49206240563826 1.99189823206937 5.08273978461204e-16
17.06 1.3999867138428 2.06767136151825 6.03683769639929e-16
17.08 1.30275973743222 2.13932519969823 -3.05311331771918e-16
17.1 1.200615491476 2.20642091703286 -1.27675647831893e-15
17.12 1.0938336670956 2.26852800947734 -1.25875872225567e-15
17.14 0.982736488988189 2.32523653718826 -1.04430353253804e-15
17.16 0.867685572950387 2.37616936319336 -2.94209101525666e-15
17.18 0.749081640198559 2.42098326599791 -1.60982338570648e-15
17.2 0.627364517368848 2.45936893958465 -2.1094237467878e-15
17.22 0.503012141149493 2.49105177145267 -1.14762799957591e-15
17.24 0.37652960923645 2.51580040104448 6.76542155630955e-17
17.26 0.248438231289009 2.53343527817309 -2.63677968348475e-16
17.28 0.119274533562138 2.54382944106084 1.94289029309402e-16
17.3 -0.0104097410935355 2.54690851633942 6.66133814775094e-16
17.32 -0.140048941486103 2.54265070498079 1.738735024015e-15
17.34 -0.26907789888065 2.53108662753767 1.39645239816133e-15
17.36 -0.396946317797531 2.51229916938404 1.48492329543615e-15
17.38 -0.523120084266737 2.48642346664601 1.9151347174784e-15
17.4 -0.647081265827925 2.45364690620193 2.22044604925031e-15
17.42 -0.768329088071566 2.41420832775186 1.29475423438219e-15
17.44 -0.88639067659168 2.3683892465827 1.39818712163731e-15
17.46 -1.00083179893863 2.31650507633335 6.10622663543836e-16
17.48 -1.11125784116021 2.25890433106419 -2.77555756156289e-16
17.5 -1.21731380780173 2.19596862525715 -1.22124532708767e-15
17.52 -1.3186845827428 2.12811156002991 -1.14762799957591e-15
17.54 -1.41509779840259 2.05576647149287 -8.2052420413703e-16
17.56 -1.50632670494508 1.97937417910597 -2.48412401759879e-15
17.58 -1.59219043111588 1.89938187189301 -1.13797860024079e-15
17.6 -1.67255398424227 1.81624310844165 -1.11022302462516e-15
17.62 -1.74732786107244 1.73041691250856 -3.7621815385247e-17
17.64 -1.81646376700733 1.64235782467657 1.39645239816133e-15
17.66 -1.87995033533253 1.5525059540118 5.96744875736022e-16
17.68 -1.93781273805753 1.46128607366883 1.02695629777827e-15
17.7 -1.99011268591571 1.36910762089071 1.33226762955019e-15
17.72 -2.03694774785367 1.27636427438265 2.18304107429956e-15
17.74 -2.07844386541345 1.18342930542256 5.11743425413158e-16
17.76 -2.11474786711489 1.09065092897163 6.24500451351651e-16
17.78 -2.14602678794488 0.998351881047988 -2.4980018054066e-16
17.8 -2.1724678693574 0.906829418726725 -1.11022302462516e-15
17.82 -2.1942779347603 0.816355325480316 -9.25800235085372e-16
17.84 -2.21167651987085 0.727175969923342 -3.79904441238921e-16
17.86 -2.22488900307107 0.639512364557228 -2.06779038336435e-15
17.88 -2.23414598089465 0.553560171110673 -3.05311331771918e-16
17.9 -2.23968326802692 0.469489700539641 -4.44089209850063e-16
17.92 -2.24174148901034 0.38744615407821 4.06684234899313e-16
17.94 -2.24056158700459 0.307552274797749 1.39992184511328e-15
17.96 -2.23638033254677 0.229910999166129 6.24500451351651e-16
17.98 -2.22942991525679 0.154605698098541 -2.4980018054066e-16
18 -2.21993794383741 0.0817001769575099 -2.22044604925031e-16
18.02 -2.20812726311467 0.0112389745176737 -3.7621815385247e-17
18.04 -2.19421394148241 -0.0567493484214959 -3.79904441238921e-16
18.06 -2.17840525834684 -0.122248920423 -1.17961196366423e-15
18.08 -2.16089952116697 -0.18525626044751 -3.05311331771918e-16
18.1 -2.14188606545461 -0.245780277853373 4.44089209850063e-16
18.12 -2.12154522754479 -0.303842019761096 4.06467394464816e-16
18.14 -2.10004804507094 -0.359471892062634 1.39645239816133e-15
18.16 -2.07755595743995 -0.412706880430686 5.96744875736022e-16
18.18 -2.05422077860264 -0.463590297683181 -3.05311331771918e-16
18.2 -2.03018469705379 -0.51217178378327 -4.44089209850063e-16
18.22 -2.0055803287987 -0.558507130408795 -4.81494184800813e-16
18.24 -1.98053129998588 -0.602656351216334 -1.26461341398709e-15
18.26 -1.95515282953965 -0.644681752105256 -2.04003480774873e-15
18.28 -1.92955178212675 -0.684647755787181 -2.02615701994091e-15
18.3 -1.90382666815637 -0.722620901785981 -1.11022302462516e-15
18.32 -1.87806772460255 -0.758669742221488 -9.25583394650875e-16
18.34 -1.85235780405107 -0.79286369543032 5.11743425413158e-16
18.36 -1.82677326374628 -0.825271899586697 -2.63677968348475e-16
18.38 -1.80138404641355 -0.855963108486152 6.38378239159465e-16
18.4 -1.7762536802593 -0.885005691545537 1.55431223447522e-15
18.42 -1.75143935763635 -0.91246758194906 2.62691344371513e-15
18.44 -1.72699280036336 -0.93841570625475 3.17280923756158e-15
18.46 -1.70296112504427 -0.962915414000918 2.37310171513627e-15
18.48 -1.67938692173365 -0.986030425852202 2.35922392732846e-15
18.5 -1.65630825393675 -1.00782283359957 2.22044604925031e-15
18.52 -1.63375872321195 -1.02835308052651 1.29475423438219e-15
18.54 -1.61176817979838 -1.04767974543748 5.10008701937181e-16
18.56 -1.59036343324343 -1.06585932668623 -2.77555756156289e-16
18.58 -1.56956831700527 -1.08294622254202 -1.16573417585641e-15
18.6 -1.54940368845286 -1.09899273118969 -1.22124532708767e-15
18.62 -1.5298874774674 -1.11404904867669 -2.03602325971053e-15
18.64 -1.51103522105867 -1.12816324633138 -1.71217207078911e-15
18.66 -1.49286059798135 -1.14138124818127 -2.50494069931051e-15
18.68 -1.47537547733642 -1.15374682890011 -2.08166817117217e-15
18.7 -1.45858991857127 -1.16530161380792 -1.27675647831893e-15
18.72 -1.44251220535826 -1.17608508490662 -3.70688722772794e-16
18.74 -1.42714921825968 -1.18613464727207 -1.57859836313889e-16
18.76 -1.41250680739269 -1.1954856954461 -2.84494650060196e-16
18.78 -1.398589826308 -1.20417161947219 -3.05311331771918e-16
18.8 -1.38540213198979 -1.21222380489542 -3.88578058618805e-16
18.82 -1.37294660728398 -1.21967164092844 5.1759811714458e-16
18.84 -1.36122540760847 -1.22654261027663 -1.04430353253804e-15
18.86 -1.35024020766336 -1.23286237896337 -7.21644966006352e-16
18.88 -1.33999222385923 -1.23865480449591 -2.77555756156289e-16
18.9 -1.33048221431706 -1.24394193586541 -1.22124532708767e-15
18.92 -1.32171049286723 -1.24874402078802 -2.5955800009303e-16
18.94 -1.3136770830379 -1.25307958535715 6.59194920871187e-17
18.96 -1.30638187204347 -1.25696551369567 -2.77555756156289e-16
18.98 -1.29982462478346 -1.26041705519705 1.0547118733939e-15
19 -1.29400498384257 -1.26344782452532 5.55111512312578e-16
19.02 -1.28892247687899 -1.26606980643004 6.28511999389847e-16
19.04 -1.28457659789617 -1.26829340871007 1.84054160801139e-15
19.06 -1.28096688851465 -1.27012751517748 1.59594559789866e-16
19.08 -1.27809294536033 -1.27157949047244 1.02695629777827e-15
19.1 -1.27595442006452 -1.27265518006319 4.9960036108132e-16
19.12 -1.27455102153707 -1.27335891186547 5.1759811714458e-16
19.14 -1.27388254097099 -1.27369351405557 7.32053306862213e-16
19.16 -1.27394887684704 -1.27366033288354 -2.77555756156289e-16
19.18 -1.27475003720687 -1.27325923429248 -2.77555756156289e-16
19.2 -1.27628613965306 -1.27248860391859 -1.22124532708767e-15
19.22 -1.27855740896257 -1.27134534533005 -2.5955800009303e-16
19.24 -1.28156415083538 -1.26982486065465 -8.22258927613007e-16
19.26 -1.28530672564301 -1.26792103120749 -1.16573417585641e-15
19.28 -1.28978554604207 -1.26562621572986 1.66533453693773e-16
19.3 -1.29500107697424 -1.2629312503892 -3.33066907387547e-16
19.32 -1.30095382792931 -1.25982544390051 6.28620419607095e-16
19.34 -1.30764426783864 -1.25629652386163 9.54097911787244e-16
19.36 -1.31507273996856 -1.25233058308845 1.66533453693773e-16
19.38 -1.32323945418349 -1.24791207473632 1.0547118733939e-15
19.4 -1.33214448694587 -1.24302381230005 5.55111512312578e-16
19.42 -1.34178776716906 -1.23764696229317 6.28511999389847e-16
19.44 -1.35216892059897 -1.2317609637201 9.52363188311267e-16
19.46 -1.36328711419573 -1.22534344754826 1.59594559789866e-16
19.48 -1.37514104198652 -1.21837022938733 1.38777878078145e-16
19.5 -1.38772892506561 -1.21081530948929 -3.88578058618805e-16
19.52 -1.40104848881245 -1.20265086454092 5.1759811714458e-16
19.54 -1.41509671229091 -1.19384715738127 -1.56125112837913e-16
19.56 -1.42986957764849 -1.18437244671922 -1.16573417585641e-15
19.58 -1.44536204733447 -1.17419297892598 -2.77555756156289e-16
19.6 -1.46156806409991 -1.16327298803503 -1.22124532708767e-15
19.62 -1.47848051647869 -1.15157468997388 -2.5955800009303e-16
19.64 -1.49609085907956 -1.13905821911232 -8.22258927613007e-16
19.66 -1.51438873287815 -1.12568156481084 -1.16573417585641e-15
19.68 -1.53336193069807 -1.11140056565222 1.66533453693773e-16
19.7 -1.55299639721088 -1.0961689094416 -3.33066907387547e-16
19.72 -1.57327617998793 -1.07993813566067 6.28620419607095e-16
19.74 -1.59418289107074 -1.06265766246462 9.54097911787244e-16
19.76 -1.61569516854122 -1.04427481367898 1.66533453693773e-16
19.78 -1.63778862757361 -1.02473482125388 1.0547118733939e-15
19.8 -1.66043586043438 -1.00398082526407 5.55111512312578e-16
19.82 -1.68360637118786 -0.981953894306656 6.28511999389847e-16
19.84 -1.70726585745709 -0.958593249876239 9.52363188311267e-16
19.86 -1.73137549218476 -0.933836490740116 1.52655665885959e-16
19.88 -1.75589185833875 -0.907619613336001 1.38777878078145e-16
19.9 -1.78076694891211 -0.879877011772025 -4.44089209850063e-16
19.92 -1.80594808775096 -0.850541531474578 4.06575814682064e-16
19.94 -1.83137705866119 -0.819545059314453 -3.78169717762944e-16
19.96 -1.85698923451517 -0.786819113733018 -1.16573417585641e-15
19.98 -1.88271349807966 -0.752294898390037 -7.21644966006352e-16
20 -1.90847224201578 -0.715903302163677 -1.22124532708767e-15
20.02 -1.93418128878671 -0.67757500544732 -2.59666420310278e-16
20.04 -1.95974900964244 -0.637241649414547 -8.23993651088983e-16
20.06 -1.98507544360444 -0.594837005284112 -1.61676227961038e-15
20.08 -2.01005221737344 -0.550297080616766 -3.05311331771918e-16
20.1 -2.03456254532934 -0.503560119315251 -3.88578058618805e-16
20.12 -2.05848117805465 -0.454566779728727 5.1759811714458e-16
20.14 -2.08167383609169 -0.403262093801416 1.62023172656234e-15
20.16 -2.10399664369979 -0.34959742622126 -2.77555756156289e-16
20.18 -2.1252960773787 -0.293530652524337 6.10622663543836e-16
20.2 -2.14540896586855 -0.235026159094863 -3.33066907387547e-16
20.22 -2.16416252164811 -0.174055098992025 6.28620419607095e-16
20.24 -2.18137468741538 -0.110598206045108 6.59194920871187e-17
20.26 -2.19685448256817 -0.0446486089486376 -2.77555756156289e-16
20.28 -2.21040203470235 0.0237879129108 1.66533453693773e-16
20.3 -2.22180857961184 0.0946929294545501 -3.33066907387547e-16
20.32 -2.23085665203746 0.16803506158334 6.28620419607095e-16
20.34 -2.23732218390444 0.24376669956319 9.54097911787244e-16
20.36 -2.24097660255995 0.321820721411314 1.66533453693773e-16
20.38 -2.24158702152192 0.402110194567575 1.0547118733939e-15
20.4 -2.23891624047906 0.484528375894486 5.55111512312578e-16
20.42 -2.2327231610354 0.568948475446388 6.28511999389847e-16
20.44 -2.22276735990056 0.655221057930564 9.52363188311267e-16
20.46 -2.2088136620799 0.743171444168321 1.59594559789866e-16
20.48 -2.19063255661913 0.832599474864186 1.38777878078145e-16
20.5 -2.16800019660425 0.923279510605913 -3.88578058618805e-16
20.52 -2.14069903116677 1.01496043814858 5.1759811714458e-16
20.54 -2.10852475754007 1.10736573953977 -1.56125112837913e-16
20.56 -2.07129327311594 1.20019356124479 -1.16573417585641e-15
20.58 -2.02884130744962 1.29311672043074 -2.77555756156289e-16
20.6 -1.98102642225988 1.38578270496654 -1.22124532708767e-15
20.62 -1.92772768703079 1.47781411632859 -2.59666420310278e-16
20.64 -1.8688531106315 1.56881354156346 -8.23993651088983e-16
20.66 -1.80434707293611 1.65836842525045 -1.17267306976032e-15
20.68 -1.73419100042545 1.74605151240732 1.38777878078145e-16
20.7 -1.65840336618706 1.83142084849029 -3.88578058618805e-16
20.72 -1.57704006061235 1.9140206951771 5.17706537361828e-16
20.74 -1.49019846906511 1.99339160398066 7.33788030338189e-16
20.76 -1.39802154954999 2.06908048986274 -2.63677968348475e-16
20.78 -1.30069820340967 2.14064154701703 6.38378239159465e-16
20.8 -1.19846327532485 2.20763624886911 -2.22044604925031e-16
20.82 -1.09159726702537 2.26963446282223 -3.7621815385247e-17
20.84 -0.980423188112524 2.32622671246035 5.08273978461204e-16
20.86 -0.865303406881441 2.37703643975121 1.59594559789866e-16
20.88 -0.746639364032179 2.4217211197921 1.02695629777827e-15
20.9 -0.624871572669717 2.45997226080978 4.9960036108132e-16
20.92 -0.500478617061299 2.49151617849878 1.40566811662746e-15
20.94 -0.373966138966871 2.51612251374128 1.61849700308636e-15
20.96 -0.245855823969551 2.53361275032727 6.03683769639929e-16
20.98 -0.116684400232966 2.54386098929259 1.02695629777827e-15
21 0.0129963614987825 2.54679394891905 -3.88578058618805e-16
21.02 0.142620951779432 2.54239094621442 -3.70580302555545e-16
21.04 0.271624465122283 2.53068369319313 -1.04430353253804e-15
21.06 0.399456942661924 2.51175609315691 -2.4980018054066e-15
21.08 0.525584676032535 2.4857442221749 -1.16573417585641e-15
21.1 0.649490207367939 2.4528363290836 -2.1094237467878e-15
21.12 0.770673305926647 2.41327203815034 -1.14773641979315e-15
21.14 0.888661710967799 2.36733357837117 -8.22258927613007e-16
21.16 1.0030218746271 2.31533701276872 -2.77555756156289e-16
21.18 1.11335993854189 2.25763144105568 1.66533453693773e-16
21.2 1.21932173385116 2.19459899963475 5.55111512312578e-16
21.22 1.320593038504 2.12665374467581 6.28511999389847e-16
21.24 1.41690240765273 2.0542293659642 9.52363188311267e-16
21.26 1.50802400404608 1.97776690074899 1.59594559789866e-16
21.28 1.59377785533755 1.89771361682013 1.02695629777827e-15
21.3 1.67402985408553 1.81452301250846 4.9960036108132e-16
21.32 1.74869136578936 1.72865391682278 5.17923377796325e-16
21.34 1.81771491728715 1.64056059095806 7.37257477290143e-16
21.36 1.88108988515351 1.55068282980363 -2.56739074444567e-16
21.38 1.93884210373569 1.4594450620803 -1.94289029309402e-16
21.4 1.99103386515361 1.36725635034033 -1.0547118733939e-15
21.42 2.03776324045605 1.27450996875873 7.31836466427715e-17
21.44 2.079156612339 1.18157875883707 -1.61329283265843e-16
21.46 2.11536120786391 1.08881048510739 -3.05311331771918e-16
21.48 2.14654441961399 0.9965274129234 1.41553435639707e-15
21.5 2.17289380569415 0.905026308460536 1.22124532708767e-15
21.52 2.19461646425636 0.814578445317495 1.96121330980903e-15
21.54 2.21193215327869 0.72542967713357 1.8474805019153e-15
21.56 2.22506641034424 0.637800510205945 1.87350135405495e-16
21.58 2.23424992716655 0.551886110091282 2.4980018054066e-16
21.6 2.23971854958955 0.467856301605711 -1.94289029309402e-15
21.62 2.24171287122179 0.385855811170066 -2.59124319224036e-15
21.64 2.24047376341215 0.306006932607411 -1.93595139919012e-15
21.66 2.23623790522566 0.228412192940567 -2.51881848711832e-15
21.68 2.22923737707763 0.153154594737342 -1.22124532708767e-15
21.7 2.2196996607337 0.0802976161105338 -4.44089209850063e-16
21.72 2.20784745685503 0.00988550869263647 2.07223561227154e-15
21.74 2.1938966779962 -0.0580534246423382 3.17974813146549e-15
21.76 2.17805444160295 -0.123503552057048 2.40779618465581e-15
21.78 2.16051888755749 -0.186461614776103 1.58206781009085e-15
21.8 2.14147917817852 -0.246936727086071 7.21644966006352e-16
21.82 2.12111547113324 -0.3049501235418 -8.14886352840105e-16
21.84 2.09959862147035 -0.360532378235972 -1.04777297948999e-15
21.86 2.07708988365297 -0.413720624068666 -2.07472927726826e-15
21.88 2.05374088447069 -0.464558299953673 -1.22124532708767e-15
21.9 2.02969362303962 -0.513095150818506 4.44089209850063e-16
21.92 2.00508052435156 -0.559387052414052 1.18384035213692e-15
21.94 1.9800250283151 -0.603494084220835 2.28810026481341e-15
21.96 1.95464217879676 -0.645478602355265 6.24500451351651e-16
21.98 1.9290386771702 -0.6854050643793 6.38378239159465e-16
22 1.90331288231616 -0.723340029300452 -2.22044604925031e-16
22.02 1.87755489121977 -0.759352053870441 -9.25800235085372e-16
22.04 1.8518474255404 -0.793510551870475 -1.26808286093905e-15
22.06 1.82626671818147 -0.82588465339653 -2.50494069931051e-15
22.08 1.80088259388774 -0.856543101158002 -1.63757896132211e-15
22.1 1.7757584692453 -0.885554250477719 -1.27675647831893e-15
22.12 1.75095143129072 -0.912986017392617 5.1759811714458e-16
22.14 1.7265131022118 -0.938905307761286 1.62023172656234e-15
22.16 1.70249050404828 -0.963377446371506 6.10622663543836e-16
22.18 1.67892613730099 -0.986466125040924 1.0547118733939e-15
22.2 1.65585798093188 -1.00823340261707 5.55111512312578e-16
22.22 1.63331955709025 -1.02873968545238 6.28511999389847e-16
22.24 1.61134064310175 -1.04804351262966 -8.23993651088983e-16
22.26 1.58994798345731 -1.06620134118745 -1.17267306976032e-15
22.28 1.56916535453944 -1.08326752659515 -7.49400541621981e-16
22.3 1.54901356462217 -1.09929432275297 -3.88578058618805e-16
22.32 1.5295105022211 -1.11433188007059 -3.70688722772794e-16
22.34 1.5106716679428 -1.12842822433265 -1.57859836313889e-16
22.36 1.49251070633437 -1.14162923556411 -2.84494650060196e-16
22.38 1.47503945423337 -1.15397864610898 -3.05311331771918e-16
22.4 1.45826794076782 -1.16551804063028 -3.88578058618805e-16
22.42 1.44220442125394 -1.17628686208084 -3.70688722772794e-16
22.44 1.42685575007102 -1.18632247738151 -1.04603825601401e-15
22.46 1.41222775353641 -1.1956602430995 -7.28583859910259e-16
22.48 1.39832526380319 -1.20433351141911 -3.05311331771918e-16
22.5 1.38515211886018 -1.21237363014173 -1.27675647831893e-15
22.52 1.372711184986 -1.2198099508701 -3.70688722772794e-16
22.54 1.36100460374377 -1.22666991903545 -1.57859836313889e-16
22.56 1.35003403897575 -1.23297916392452 -7.28583859910259e-16
22.58 1.33980069925739 -1.23876150686389 5.82867087928207e-16
22.6 1.33030533789737 -1.24403896121997 -3.88578058618805e-16
22.62 1.32154826678941 -1.24883173966098 -3.70471882338297e-16
22.64 1.3135295087822 -1.25315833403897 7.33788030338189e-16
22.66 1.30624895004943 -1.25703559527178 -7.07767178198537e-16
22.68 1.29970635394156 -1.26047874060502 6.38378239159465e-16
22.7 1.29390136098584 -1.26350135361215 -2.22044604925031e-16
22.72 1.28883349633344 -1.26611538896736 -3.7621815385247e-17
22.74 1.28450225167756 -1.26833122494829 1.39645239816133e-15
22.76 1.28090716717164 -1.27015771593873 1.52655665885959e-16
22.78 1.27804783887645 -1.27160219720153 1.9151347174784e-15
22.8 1.27592391876007 -1.27267048487868 1.33226762955019e-15
22.82 1.27453511696071 -1.27336687759914 1.29486265459944e-15
22.84 1.27388122667709 -1.27369417416612 2.28810026481341e-15
22.86 1.27396214905894 -1.27365369124423 6.24500451351651e-16
22.88 1.27477789546973 -1.27324526496738 6.38378239159465e-16
22.9 1.27632858748672 -1.27246725093885 -2.22044604925031e-16
22.92 1.27861445441075 -1.27131652248196 -3.7621815385247e-17
22.94 1.28163580587466 -1.26978845139812 -3.79904441238921e-16
22.96 1.28539300445168 -1.26787688872495 -2.06085148946045e-15
22.98 1.28988646316527 -1.26557416298692 -3.05311331771918e-16
23 1.29511664548912 -1.26287108019541 -3.88578058618805e-16
23.02 1.30108405768719 -1.25975691893587 5.1759811714458e-16
23.04 1.30778916455423 -1.2562193763268 1.62023172656234e-15
23.06 1.31523230515624 -1.25224451397873 6.10622663543836e-16
23.08 1.32341368517053 -1.2478167530814 1.66533453693773e-16
23.1 1.33233337688572 -1.24291887440375 -3.33066907387547e-16
23.12 1.34199130498489 -1.23753201095654 -2.59449579875781e-16
23.14 1.35238709016028 -1.23163556728092 -8.2052420413703e-16
23.16 1.36351989272799 -1.22520713873704 -1.1518563880486e-15
23.18 1.37538839841114 -1.21822250416668 -6.93889390390723e-16
23.2 1.38799081833987 -1.21065562589319 -2.22044604925031e-16
23.22 1.4013248661694 -1.20247864156402 -3.77302356024956e-17
23.24 1.4153875063789 -1.19366177441808 5.06539254985228e-16
23.26 1.43017470257038 -1.18417324355309 5.89805981832114e-16
23.28 1.4456813945867 -1.1739792557681 9.99200722162641e-16
23.3 1.46190149851163 -1.16304400556345 1.33226762955019e-15
23.32 1.47882787223104 -1.15132966934575 1.18373193191967e-15
23.34 1.49645193660612 -1.13879634168235 5.10008701937181e-16
23.36 1.51476329664664 -1.12540197155576 1.66533453693773e-16
23.38 1.53374970707215 -1.11110235656866 -7.21644966006352e-16
23.4 1.55339707231199 -1.09585114294385 -2.1094237467878e-15
23.42 1.57368939738435 -1.07959982800844 -2.03591483949328e-15
23.44 1.59460824756663 -1.06229778751953 -1.71043734731313e-15
23.46 1.61613220806555 -1.04389230298992 -2.94209101525666e-15
23.48 1.63823683489638 -1.02432856417224 -1.60982338570648e-15
23.5 1.66089465488286 -1.00354966905899 -1.22124532708767e-15
23.52 1.68407510028892 -0.981496644497695 6.2829515895535e-16
23.54 1.70774378976679 -0.958108672958036 1.83707216105944e-15
23.56 1.73186180930528 -0.933323319298938 1.03389519168218e-15
23.58 1.75638564686136 -0.907076551383773 1.85962356624714e-15
23.6 1.78126719236018 -0.879302740080355 1.27675647831893e-15
23.62 1.80645365864935 -0.849934712919955 1.18384035213692e-15
23.64 1.83188671199579 -0.81890434434647 2.89698820488127e-16
23.66 1.85750160258261 -0.78614314596559 -7.07767178198537e-16
23.68 1.88322708546332 -0.751582320203815 -1.13797860024079e-15
23.7 1.90898542056189 -0.715152760308448 -1.99840144432528e-15
23.72 1.93469229239444 -0.676785156940609 -9.25583394650875e-16
23.74 1.96025592700823 -0.636411170698275 -1.26461341398709e-15
23.76 1.9855762089206 -0.59396460463933 -1.59594559789866e-15
23.78 2.01054460084072 -0.549381510874572 1.94289029309402e-16
23.8 2.03504414366958 -0.502600190567706 6.66133814775094e-16
23.82 2.05894940536039 -0.453561372537153 2.62691344371513e-15
23.84 2.08212591838327 -0.402210177875853 3.17280923756158e-15
23.86 2.10442961718986 -0.348498084571082 2.38004060904018e-15
23.88 2.12570678707372 -0.292383106106247 3.24740234702858e-15
23.9 2.14579406417037 -0.233829791460893 2.27595720048157e-15
23.92 2.16451846756058 -0.172809480822003 2.29406337676208e-15
23.94 2.18169775240652 -0.109303118408424 7.33788030338189e-16
23.96 2.19714076308803 -0.0433040652952717 -2.63677968348475e-16
23.98 2.21064746530585 0.0251816448747517 -6.93889390390723e-16
24 2.22200894608166 0.0961353058913594 -1.11022302462516e-15
24.02 2.23100760481451 0.169525240338835 -1.81387023456825e-15
24.04 2.23741925490167 0.245303514579664 -1.26634813746307e-15
24.06 2.24101522535947 0.323402653738184 -1.60982338570648e-15
24.08 2.24156255187978 0.403735343062727 -7.21644966006352e-16
24.1 2.23882397682998 0.486194427925628 -3.33066907387547e-16
24.12 2.23255836664931 0.570652677989601 6.28728839824344e-16
24.14 2.22252530320889 0.656960193038037 9.55832635263221e-16
24.16 2.20848967517162 0.744941808805276 1.06858966120171e-15
24.18 2.19022209538861 0.834396861142997 6.38378239159465e-16
24.2 2.16749890089911 0.925099186020226 6.66133814775094e-16
24.22 2.14010278488391 1.01679712806066 8.50339763880381e-16
24.24 2.10782974815177 1.1092136344534 5.04804531509251e-16
24.26 2.07049605062599 1.20204634886366 -1.18655085756814e-15
24.28 2.02793884329774 1.29496761997008 8.32667268468867e-17
24.3 1.98001616822598 1.38762450146478 -4.9960036108132e-16
24.32 1.92660763393663 1.47963919537249 2.95661932436797e-16
24.34 1.86762184481227 1.57061392856183 2.89698820488127e-16
24.36 1.80300383048191 1.66013582925642 -7.07767178198537e-16
24.38 1.7327357212201 1.74777737035414 -6.93889390390723e-16
24.4 1.65683674794687 1.8330963694271 -1.99840144432528e-15
24.42 1.57536361157202 1.91563690779253 -1.81387023456825e-15
24.44 1.48841454578185 1.99493944029242 -2.15452655716319e-15
24.46 1.39613337982589 2.0705509050732 -2.4980018054066e-15
24.48 1.29870990786114 2.1420256426566 -7.21644966006352e-16
24.5 1.19637988895209 2.20892539593963 -3.33066907387547e-16
24.52 1.08942475623703 2.27082042331123 1.51679883930722e-15
24.54 0.978168417757348 2.32730174293475 2.73045475118749e-15
24.56 0.86297405728699 2.37799337703054 1.94289029309402e-15
24.58 0.744243843498686 2.42255346499251 2.38697950294409e-15
24.6 0.622418929963968 2.46067426338814 1.4432899320127e-15
24.62 0.497978453910836 2.49208291866181 1.51679883930722e-15
24.64 0.371428522557747 2.51654996687099 6.59194920871187e-17
24.66 0.24329119944765 2.5338978334226 -7.21644966006352e-16
24.68 0.114103503205614 2.54400160577623 -7.21644966006352e-16
24.7 -0.0155825924611623 2.54678903344418 -3.33066907387547e-16
24.72 -0.145201464976411 2.5422405060206 -2.59666420310278e-16
24.74 -0.274188211238335 2.53038881150233 6.41847686111419e-17
24.76 -0.401993015963172 2.51131889460972 -7.35522753814166e-16
24.78 -0.528082457898236 2.48516783481574 1.38777878078145e-16
24.8 -0.65193950982192 2.45212484634606 -4.44089209850063e-16
24.82 -0.773064511047842 2.412430478194 4.06684234899313e-16
24.84 -0.890985864970346 2.36636781428566 -3.76434994286967e-16
24.86 -1.00527073661005 2.31425367364506 -1.1518563880486e-15
24.88 -1.11552602511794 2.25643781040911 -6.93889390390723e-16
24.9 -1.2213983637754 2.19330291382765 -1.11022302462516e-15
24.92 -1.322574375461 2.12526349052153 -3.77302356024956e-17
24.94 -1.41878348278479 2.05275356932168 -3.81639164714898e-16
24.96 -1.5098007182228 1.9762144061082 -1.18655085756814e-15
24.98 -1.59544697958368 1.89609336606847 5.55111512312578e-16
25 -1.67558903000879 1.81284392369713 4.44089209850063e-16
25.02 -1.75013908473756 1.7269247606309 1.18405719257142e-15
25.04 -1.81905026552704 1.63878984183144 2.29156971176536e-15
25.06 -1.88231205507138 1.54887849176823 1.87350135405495e-16
25.08 -1.93994988376725 1.4576144922534 2.4980018054066e-16
25.1 -1.99202512971387 1.36540608244167 -1.0547118733939e-15
25.12 -2.03863444467127 1.2726455614813 -8.15103193274602e-16
25.14 -2.07990233960154 1.17970491767355 -1.05124242644195e-15
25.16 -2.11597377021011 1.08693145763228 -1.20042864537595e-15
25.18 -2.14701346290403 0.994647408934817 -3.88578058618805e-16
25.2 -2.17320591479197 0.903149920121929 1.16573417585641e-15
25.22 -2.19475478602877 0.812711070093635 1.85019100734651e-15
25.24 -2.21187621560543 0.723577971462954 2.51361431669039e-15
25.26 -2.22479213713918 0.635972873909657 6.31439345255558e-16
25.28 -2.23372967121793 0.550093173576065 6.93889390390723e-16
25.3 -2.23892112540038 0.466111413067042 -1.0547118733939e-15
25.32 -2.24060359642276 0.384175515972274 -1.70328161297473e-15
25.34 -2.23901459447421 0.30441136661129 -1.93942084614207e-15
25.36 -2.23438766747198 0.226925389778472 -2.9767854847762e-15
25.38 -2.22695200326833 0.151804785265343 -1.72084568816899e-15
25.4 -2.21693242965051 0.0791175278605567 -6.10622663543836e-16
25.42 -2.20454923303043 0.00891265504210321 1.85019100734651e-15
25.44 -2.19001616403085 -0.0587765684084461 2.51361431669039e-15
25.46 -2.17353844307162 -0.123929485791686 1.51961776495568e-15
25.48 -2.15531257905933 -0.186537760798176 6.93889390390723e-16
25.5 -2.13552636938731 -0.246605377508449 -1.66533453693773e-16
25.52 -2.11435886760104 -0.304148395024275 -8.14886352840105e-16
25.54 -2.09198002771773 -0.359192248412669 -1.93595139919012e-15
25.56 -2.06855034854587 -0.411769049649902 -2.96290769696839e-15
25.58 -2.04422084135065 -0.46191734225277 -1.66533453693773e-15
25.6 -2.01913302985397 -0.5096821012786 4.44089209850063e-16
25.62 -1.99341899659818 -0.555114561537697 2.0719103516198e-15
25.64 -1.96720189294747 -0.598270327930351 3.17454396103756e-15
25.66 -1.94059644908923 -0.63920748578383 2.38697950294409e-15
25.68 -1.9137090203978 -0.677986429064843 1.49880108324396e-15
25.7 -1.88663758743447 -0.714669860379532 5.55111512312578e-16
25.72 -1.85947183039727 -0.749322687272651 -2.59449579875781e-16
25.74 -1.83229394806822 -0.782010881518488 -1.70870262383715e-15
25.76 -1.80517947676064 -0.812800338411784 -2.92821322744885e-15
25.78 -1.7781973647689 -0.8417567730669 -2.47024622979097e-15
25.8 -1.75140997236843 -0.868945720417834 -1.11022302462516e-15
25.82 -1.7248731457503 -0.894432482872354 -3.7621815385247e-17
25.84 -1.69863703030181 -0.918281554507606 1.39645239816133e-15
25.86 -1.67274688388698 -0.940556045265721 6.03683769639929e-16
25.88 -1.64724315078123 -0.961317628607962 1.9151347174784e-15
25.9 -1.62216146167131 -0.980626541514722 2.27595720048157e-15
25.92 -1.59753269497071 -0.998541564433263 2.29384653632758e-15
25.94 -1.57338365128881 -1.01511980070281 1.61849700308636e-15
25.96 -1.54973772790001 -1.03041645597968 6.03683769639929e-16
25.98 -1.5266149800591 -1.04448481818497 1.38777878078145e-16
26 -1.5040321210013 -1.05737625750462 -1.27675647831893e-15
26.02 -1.48200256837552 -1.06914022516843 -1.25886714247292e-15
26.04 -1.46053695501082 -1.0798242400199 -1.04603825601401e-15
26.06 -1.43964363968282 -1.08947387508602 -2.50494069931051e-15
26.08 -1.41932875354703 -1.09813275635635 -1.19348975147204e-15
26.1 -1.39959620013883 -1.10584256278303 -2.16493489801906e-15
26.12 -1.38044768787182 -1.1126430347021 -1.25865030203842e-15
26.14 -1.36188308751958 -1.11857206646835 -1.04256880906206e-15
26.16 -1.34390078969742 -1.12366579909007 -7.07767178198537e-16
26.18 -1.32649773736076 -1.12795862865046 -2.4980018054066e-16
26.2 -1.30966942580507 -1.13148320630759 -2.22044604925031e-16
26.22 -1.29340992454032 -1.13427045068449 -3.7621815385247e-17
26.24 -1.2777121179096 -1.13634968415988 5.08273978461204e-16
26.26 -1.26256794570769 -1.13774876915897 1.59594559789866e-16
26.28 -1.24796842505545 -1.13849412054347 1.9151347174784e-15
26.3 -1.23390365039991 -1.13861070561167 1.38777878078145e-15
26.32 -1.2203628079014 -1.13812205756258 1.40588495706195e-15
26.34 -1.20733433369316 -1.13705042360252 2.51014486973844e-15
26.36 -1.19480607214082 -1.13541691305159 6.24500451351651e-16
26.38 -1.18276529022967 -1.13324151080792 1.08246744900953e-15
26.4 -1.17119867756463 -1.13054307734765 -2.22044604925031e-16
26.42 -1.16009235569367 -1.1273393618744 -3.74049749507499e-17
26.44 -1.1494319806648 -1.12364714696287 -3.76434994286967e-16
26.46 -1.13920284558322 -1.1194823932026 -1.59594559789866e-15
26.48 -1.12938988993466 -1.11486025234731 1.94289029309402e-16
26.5 -1.11997769958535 -1.10979506731496 -2.22044604925031e-16
26.52 -1.11095051332293 -1.10430038404753 8.50556604314878e-16
26.54 -1.10229229480583 -1.09838908196871 1.39645239816133e-15
26.56 -1.09398680451266 -1.0920735044417 1.49186218934005e-15
26.58 -1.08601760628309 -1.08536547062893 1.47104550762833e-15
26.6 -1.07836806731783 -1.07827627549212 1.38777878078145e-15
26.62 -1.07102136346769 -1.07081670013867 1.40566811662746e-15
26.64 -1.06396053741276 -1.0629971256325 7.30318583386236e-16
26.66 -1.05716855684172 -1.05482764680479 -1.17961196366423e-15
26.68 -1.05062831974083 -1.04631808260046 -7.49400541621981e-16
26.7 -1.04432265439392 -1.03747797607816 -2.22044604925031e-15
26.72 -1.03823432433405 -1.02831660296136 -2.25785102420106e-15
26.74 -1.03234608281141 -1.01884306570031 -2.15279183368722e-15
26.76 -1.02664072726124 -1.00906638753407 -2.48412401759879e-15
26.78 -1.02110110425547 -0.998995521041547 -2.47024622979097e-15
26.8 -1.01571010950269 -0.988639348141547 -1.99840144432528e-15
26.82 -1.01045069314245 -0.978006686326022 -9.25800235085372e-16
26.84 -1.00530591798167 -0.967106357226275 -3.79904441238921e-16
26.86 -1.0002590177312 -0.955947255179133 -2.91433543964104e-16
26.88 -0.995293402300032 -0.944538353460237 5.82867087928207e-16
26.9 -0.990392657795311 -0.932888704284041 1.33226762955019e-15
26.92 -0.985540552192244 -0.921007442643753 2.18304107429956e-15
26.94 -0.980721097703321 -0.908903828550651 2.28810026481341e-15
26.96 -0.975918613147528 -0.896587289273401 6.24500451351651e-16
26.98 -0.971117729620272 -0.884067423177994 6.38378239159465e-16
27 -0.96630339049338 -0.871353999727751 -2.22044604925031e-16
27.02 -0.961460857199356 -0.858456960715545 -3.77302356024956e-17
27.04 -0.956575772858171 -0.845386433818343 -3.81639164714898e-16
27.06 -0.95163422590406 -0.832152746151742 -1.18655085756814e-15
27.08 -0.946622755869774 -0.818766425502194 -3.33066907387547e-16
27.1 -0.941528353386577 -0.80523820032701 4.44089209850063e-16
27.12 -0.936338465500169 -0.791578998165869 2.95661932436797e-16
27.14 -0.931041054145752 -0.777799928167389 1.39992184511328e-15
27.16 -0.925624654623111 -0.763912263615713 1.80411241501588e-16
27.18 -0.920078380912521 -0.749927440342016 -6.93889390390723e-16
27.2 -0.914391925674757 -0.735857056724498 -1.11022302462516e-15
27.22 -0.908555564294303 -0.72171286993349 -9.25800235085372e-16
27.24 -0.902560199354745 -0.707506754627539 -1.26808286093905e-15
27.26 -0.896397405114158 -0.693250661649491 -1.62370117351429e-15
27.28 -0.89005943154832 -0.678956614271595 -7.49400541621981e-16
27.3 -0.88353920435072 -0.664636708195501 4.44089209850063e-16
27.32 -0.87683032718334 -0.650303106176206 1.29475423438219e-15
27.34 -0.86992710643537 -0.635967978885516 2.28636554133743e-15
27.36 -0.862824575981915 -0.621643445775496 1.49880108324396e-15
27.38 -0.855518499434791 -0.607341569702418 1.49880108324396e-15
27.4 -0.848005370142518 -0.593074356926764 5.55111512312578e-16
27.42 -0.840282410936922 -0.578853750866649 6.28511999389847e-16
27.44 -0.83234757134572 -0.564691563385448 -8.23993651088983e-16
27.46 -0.824199524805103 -0.550599406079443 -1.62370117351429e-15
27.48 -0.815837668406338 -0.536588684031236 -1.19348975147204e-15
27.5 -0.807262122895763 -0.52267059580975 -4.44089209850063e-16
27.52 -0.798473730058749 -0.508856127813717 -4.81277344366315e-16
27.54 -0.78947402394326 -0.495155992050017 5.15212872365112e-16
27.56 -0.780265202083405 -0.481580563912019 -2.56739074444567e-16
27.58 -0.770850122883404 -0.468139876523076 -6.38378239159465e-16
27.6 -0.761232305617582 -0.454843620736507 -1.66533453693773e-16
27.62 -0.751415925683673 -0.441701140719901 9.61362066342897e-16
27.64 -0.741405762389051 -0.428721385382253 -1.61329283265843e-16
27.66 -0.731207146736974 -0.415912859801124 1.45716771982052e-16
27.68 -0.720825956679892 -0.403283620806922 9.71445146547012e-16
27.7 -0.710268617119427 -0.3908412769829 1.27675647831893e-15
27.72 -0.699542093661561 -0.37859298618695 2.07201877183705e-15
27.74 -0.688653823923539 -0.366545428291277 2.9542340795885e-15
27.76 -0.677611648840779 -0.354704777922071 6.24500451351651e-16
27.78 -0.666423806422054 -0.343076701981307 6.38378239159465e-16
27.8 -0.655098931749474 -0.331666359646733 -1.11022302462516e-15
27.82 -0.643646049967861 -0.320478402288525 -9.25800235085372e-16
27.84 -0.632074499167687 -0.309516972552429 -1.26808286093905e-15
27.86 -0.620393853268011 -0.298785703442899 -2.50494069931051e-15
27.88 -0.608613915005851 -0.288287718239751 -1.63757896132211e-15
27.9 -0.596744715936171 -0.27802563049816 -1.27675647831893e-15
27.92 -0.58479650997518 -0.268001546034488 5.17706537361828e-16
27.94 -0.572779702376585 -0.258217084770427 1.62196645003831e-15
27.96 -0.560704778707843 -0.248673402577142 6.24500451351651e-16
27.98 -0.548582298393452 -0.239371193261094 1.08246744900953e-15
28 -0.536422894714952 -0.230310688564049 6.66133814775094e-16
28.02 -0.524237268449434 -0.221491661581841 8.50556604314878e-16
28.04 -0.512036117893111 -0.212913464370913 -3.79904441238921e-16
28.06 -0.499830068884894 -0.204575065554824 -7.35522753814166e-16
28.08 -0.487629668444907 -0.196475053743044 1.38777878078145e-16
28.1 -0.475445384774469 -0.188611637530934 4.44089209850063e-16
28.12 -0.46328760308039 -0.180982650136331 4.06684234899313e-16
28.14 -0.451166579642038 -0.173585600401808 5.11743425413158e-16
28.16 -0.439092395878413 -0.166417723796947 6.24500451351651e-16
28.18 -0.427074954172434 -0.159475987054909 -2.4980018054066e-16
28.2 -0.415123977870926 -0.152757088172428 -2.22044604925031e-16
28.22 -0.403249007208791 -0.146257460827088 -3.78386558197441e-17
28.24 -0.391459354474737 -0.139973322967321 -3.83373888190874e-16
28.26 -0.379764059177017 -0.133900725402404 -2.07472927726826e-15
28.28 -0.368171883967591 -0.128035556219727 -3.60822483003176e-16
28.3 -0.356691314642121 -0.122373540784795 -4.9960036108132e-16
28.32 -0.345330559036322 -0.11691024619785 2.95661932436797e-16
28.34 -0.334097534885819 -0.111641130316649 1.17787724018825e-15
28.36 -0.322999857686006 -0.106561590779246 1.80411241501588e-16
28.38 -0.312044839588388 -0.101666969460626 -6.93889390390723e-16
28.4 -0.301239489400594 -0.0969525524726821 -1.11022302462516e-15
28.42 -0.290590509999042 -0.0924135731464374 -9.25800235085372e-16
28.44 -0.280104269868444 -0.0880452448362711 -1.26808286093905e-15
28.46 -0.269786774641293 -0.083842793724164 -1.62370117351429e-15
28.48 -0.259643664510548 -0.0798014618018995 -7.49400541621981e-16
28.5 -0.249680214229624 -0.0759165068710621 4.44089209850063e-16
28.52 -0.239901335482662 -0.0721832054534693 1.29475423438219e-15
28.54 -0.230311602957344 -0.0685968848059116 2.28636554133743e-15
28.56 -0.220915280417728 -0.0651529549348951 1.49880108324396e-15
28.58 -0.211716323074506 -0.0618469115070661 1.49880108324396e-15
28.6 -0.202718377584991 -0.0586743358492147 5.55111512312578e-16
28.62 -0.193924778654678 -0.0556308952430914 6.2829515895535e-16
28.64 -0.185338511654221 -0.0527123461683331 -8.27463098040937e-16
28.66 -0.176962175236428 -0.0499145375454145 -1.6306400674182e-15
28.68 -0.168797977937806 -0.0472334110304526 -1.2490009027033e-15
28.7 -0.160847738178551 -0.0446650010152088 -4.9960036108132e-16
28.72 -0.153112891091315 -0.0422054364185602 -5.92516487263328e-16
28.74 -0.145594563637456 -0.0398509603926934 2.89698820488127e-16
28.76 -0.138293649723311 -0.037597950029297 -7.07767178198537e-16
28.78 -0.13121081702895 -0.0354429181510397 -1.13797860024079e-15
28.8 -0.124346507008165 -0.0333825133115585 -1.11022302462516e-15
28.82 -0.117700927282901 -0.0314135172310125 -3.77302356024956e-17
28.84 -0.111273967981919 -0.0295328165870907 -1.26981758441502e-15
28.86 -0.105065118079458 -0.027737374806014 -7.42461647718073e-16
28.88 -0.0990734577896617 -0.0260242294980793 1.11022302462516e-16
28.9 -0.0932976585665672 -0.0243904924576667 4.44089209850063e-16
28.92 -0.0877359983096511 -0.0228333522928432 2.07223561227154e-15
28.94 -0.0823865286246182 -0.0213501033510811 2.29156971176536e-15
28.96 -0.0772472420842251 -0.0199381746449821 1.07552855510562e-15
28.98 -0.0723160874337998 -0.0185951324818839 1.13797860024079e-15
29 -0.0675909695912431 -0.0173186804638569 -1.66533453693773e-16
29.02 -0.0630697294082786 -0.0161066531022697 7.32920668600201e-17
29.04 -0.0587499210442225 -0.0149569455779355 -1.04777297948999e-15
29.06 -0.0546285893397402 -0.0138674435012643 -1.18655085756814e-15
29.08 -0.0507022495781092 -0.0128360165268263 -3.33066907387547e-16
29.1 -0.0469668874852064 -0.0118605183533456 1.33226762955019e-15
29.12 -0.0434179993443783 -0.010938795331048 2.07223561227154e-15
29.14 -0.0400510332599151 -0.0100687811424964 3.17974813146549e-15
29.16 -0.0368618304205297 -0.00924859148341051 1.51961776495568e-15
29.18 -0.0338466652142289 -0.00847653267001594 1.58206781009085e-15
29.2 -0.031002245228294 -0.00775110163904941 -1.66533453693773e-16
29.22 -0.0283256318499561 -0.00707096506070228 -8.15211613491851e-16
29.24 -0.0258133668736201 -0.00643472958110119 -1.05297714991792e-15
29.26 -0.0234605991081009 -0.0058407120647757 -2.09554595897998e-15
29.28 -0.021261004977281 -0.00528691870761294 -1.30451205393456e-15
29.3 -0.0192067885201062 -0.00477104503685671 -6.66133814775094e-16
29.32 -0.0172889787619821 -0.00429054876675421 8.53483950180589e-16
29.34 -0.0155007008000539 -0.00384345121066184 1.66533453693773e-15
29.36 -0.0138404468884773 -0.00342913869316971 -4.85722573273506e-17
29.38 -0.0123123738098295 -0.00304843540573463 0
29.4 -0.0109263028750894 -0.00270360340668857 -3.33066907387547e-16
29.42 -0.00969146612109485 -0.00239679088260605 6.54858112181245e-16
29.44 -0.00854771448248802 -0.00211296302338361 1.59594559789866e-15
29.46 -0.00729672596364664 -0.00180283289732248 -9.22872889219661e-16
29.48 -0.00559575183614647 -0.00138130971250278 -1.08801856413265e-14
