# timestamp vx vy vz
0 -6.0936104939735e-08 -1.00382369083718e-10 -2.88657986402541e-15
0.02 5.89723223205774e-08 2.16965054863211e-11 1.73884344423225e-15
0.04 7.21292040595234e-07 3.23510072897104e-11 5.10008701937181e-16
0.06 3.26308252840413e-06 -1.49009971028846e-12 -3.38618022510673e-15
0.08 9.81173036151972e-06 -3.35483307800644e-11 -4.27435864480685e-15
0.1 2.32849492232123e-05 -3.82014420097221e-11 -3.88578058618805e-15
0.12 4.73832232042706e-05 -1.60394740024439e-11 -2.03591483949328e-15
0.14 8.65066832309268e-05 -5.50825843270708e-11 6.59194920871187e-17
0.16 0.000145671983480603 -3.92005761185032e-10 1.0547118733939e-15
0.18 0.000230504744702598 -1.41768874417636e-09 3.27515792264421e-15
0.2 0.000347239554198797 -3.67723151928345e-09 3.21964677141295e-15
0.22 0.000502712497432852 -7.95457818971584e-09 2.40508567922459e-15
0.24 0.000704279005477062 -1.62035105194525e-08 1.84401105496335e-15
0.26 0.000959731702486255 -3.24786229438656e-08 1.80411241501588e-16
0.28 0.0012772929372819 -6.30199650242247e-08 1.94289029309402e-16
0.3 0.00166561478334737 -1.16253042858894e-07 -2.22044604925031e-16
0.32 0.00213377250102443 -2.03139705837662e-07 -3.75133951679985e-17
0.34 0.00269119262158852 -3.41038008552091e-07 5.10008701937181e-16
0.36 0.00334758103134734 -5.57562062922234e-07 -2.77555756156289e-16
0.38 0.00411291643381267 -8.9093292204856e-07 1.0547118733939e-15
0.4 0.00499745034971388 -1.38997860277268e-06 5.55111512312578e-16
0.42 0.00601170136841155 -2.11503570021298e-06 1.51669041908997e-15
0.44 0.00716639191359949 -3.14786739334313e-06 9.52363188311267e-16
0.46 0.00847238500898272 -4.60158145204614e-06 1.52655665885959e-16
0.48 0.00994067852971842 -6.62153185143621e-06 5.82867087928207e-16
0.5 0.0115824052023924 -9.38531879723925e-06 -4.44089209850063e-16
0.52 0.0134088275665244 -1.3104561378109e-05 -4.81494184800813e-16
0.54 0.015431282550858 -1.80443969919099e-05 -3.76434994286967e-16
0.56 0.0176611260496596 -2.4542980748124e-05 -2.04003480774873e-15
0.58 0.0201097278842122 -3.30132581436993e-05 -1.58206781009085e-15
0.6 0.0227884718028004 -4.39429650668233e-05 -1.99840144432528e-15
0.62 0.0257087510894905 -5.78975508720883e-05 -9.25800235085372e-16
0.64 0.0288819202605914 -7.55523322733473e-05 -3.79904441238921e-16
0.66 0.0323192467611198 -9.77246472256693e-05 -1.17267306976032e-15
0.68 0.0360319065735691 -0.000125376778015496 5.82867087928207e-16
0.7 0.040030984217912 -0.000159615951253245 4.9960036108132e-16
0.72 0.0443274690235174 -0.000201698575363539 1.40588495706195e-15
0.74 0.048932214120311 -0.00025307685297677 1.62196645003831e-15
0.76 0.0538558954299286 -0.000315445393305622 6.24500451351651e-16
0.78 0.0591090079376392 -0.000390745449638463 1.08246744900953e-15
0.8 0.0647018656923394 -0.000481164919345689 -2.22044604925031e-16
0.82 0.0706445982661949 -0.000589143908712839 -3.7621815385247e-17
0.84 0.0769471118105389 -0.000717435946222939 -3.79904441238921e-16
0.86 0.0836190501117957 -0.000869169195838682 -7.35522753814166e-16
0.88 0.0906697910511158 -0.00104785202183805 1.38777878078145e-16
0.9 0.0981084466043571 -0.00125737298882 4.44089209850063e-16
0.92 0.105943859435949 -0.0015020075312621 4.06684234899313e-16
0.94 0.114184565431205 -0.00178649131870943 5.11743425413158e-16
0.96 0.122838756228646 -0.00211609362094095 6.24500451351651e-16
0.98 0.131914275813848 -0.00249662397753758 -2.4980018054066e-16
1 0.141418620519442 -0.00293443219788814 -2.22044604925031e-16
1.02 0.151358935193024 -0.00343641573645377 -3.7621815385247e-17
1.04 0.161741971044224 -0.00401010082080623 -3.79904441238921e-16
1.06 0.172574043491779 -0.0046637235796391 -2.06779038336435e-15
1.08 0.183861028331441 -0.0054062374180523 -3.05311331771918e-16
1.1 0.195608361735966 -0.00624731301755455 -4.44089209850063e-16
1.12 0.207821035044926 -0.00719734575046015 4.06684234899313e-16
1.14 0.22050353745236 -0.0082675372383132 1.39992184511328e-15
1.16 0.233659798694454 -0.00946997691031731 6.24500451351651e-16
1.18 0.247293183839325 -0.0108176494177227 -2.4980018054066e-16
1.2 0.261406493287022 -0.012324434633852 -2.22044604925031e-16
1.22 0.276001955818583 -0.0140051141367713 -3.7621815385247e-17
1.24 0.291081152135668 -0.0158754425189626 -3.79904441238921e-16
1.26 0.306644938400175 -0.0179522186969608 -1.17961196366423e-15
1.28 0.322693439283314 -0.0202532923940644 -3.05311331771918e-16
1.3 0.339226047965591 -0.0227975641403334 4.44089209850063e-16
1.32 0.356241416275592 -0.0256049897311084 4.06575814682064e-16
1.34 0.373737346216504 -0.0286966292708241 1.39818712163731e-15
1.36 0.391710681492617 -0.0320946962168237 6.10622663543836e-16
1.38 0.410157297648127 -0.0358225618378722 -2.77555756156289e-16
1.4 0.429072102067107 -0.0399047552141695 -3.33066907387547e-16
1.42 0.448449020242576 -0.0443669639940426 -2.5955800009303e-16
1.44 0.468280844736035 -0.0492360427176518 -8.22258927613007e-16
1.46 0.488559084137025 -0.0545400211406785 -1.60982338570648e-15
1.48 0.509273949332168 -0.0603081049910369 -1.16573417585641e-15
1.5 0.530414353505171 -0.0665706759688653 -3.33066907387547e-16
1.52 0.551967894737199 -0.0733592868755 -2.59666420310278e-16
1.54 0.573920664611028 -0.0807066080321635 9.52363188311267e-16
1.56 0.596257056815197 -0.088646373698632 1.59594559789866e-16
1.58 0.61895974974438 -0.0972133772022147 1.38777878078145e-16
1.6 0.642009706499388 -0.106443470937755 4.9960036108132e-16
1.62 0.66538615361521 -0.116373553807828 1.40588495706195e-15
1.64 0.689066347069525 -0.127041433064927 -1.54390389361936e-16
1.66 0.713025338291196 -0.138485686153659 -2.63677968348475e-16
1.68 0.737235952888328 -0.150745648150932 -2.4980018054066e-16
1.7 0.761668790648247 -0.163861411765972 -1.11022302462516e-15
1.72 0.786292201782215 -0.177873804073241 -3.7621815385247e-17
1.74 0.811072025617007 -0.192824130574683 -3.79904441238921e-16
1.76 0.8359713292865 -0.208753919261959 -7.28583859910259e-16
1.78 0.860950383976389 -0.225704897349382 1.02695629777827e-15
1.8 0.885966664924153 -0.243718991273915 4.9960036108132e-16
1.82 0.910974828920564 -0.262838290507698 1.40588495706195e-15
1.84 0.935926466826005 -0.283104649495764 1.62196645003831e-15
1.86 0.960769856086795 -0.304559289593771 6.24500451351651e-16
1.88 0.985449938236683 -0.327242762880519 1.08246744900953e-15
1.9 1.00990831889683 -0.351194952157956 -2.22044604925031e-16
1.92 1.03408325054136 -0.376455020116385 -3.77302356024956e-17
1.94 1.05790944291803 -0.403060850151853 -3.81639164714898e-16
1.96 1.08131787346899 -0.431048487183507 -1.6306400674182e-15
1.98 1.1042357700963 -0.460452086818828 1.11022302462516e-16
2 1.12658661116189 -0.491303915353621 -4.44089209850063e-16
2.02 1.14829012081841 -0.523634282993822 2.95553512219549e-16
2.04 1.16926221764793 -0.557470809295369 5.10008701937181e-16
2.06 1.18941496330066 -0.592837688604061 1.66533453693773e-16
2.08 1.2086565578258 -0.629755623277372 -7.21644966006352e-16
2.1 1.22689133967151 -0.668241823684444 -1.22124532708767e-15
2.12 1.24401980294612 -0.708309928770549 -1.1478448400104e-15
2.14 1.25993878729188 -0.749969132266163 -1.71217207078911e-15
2.16 1.27454166775861 -0.793223308896023 -2.94902990916057e-15
2.18 1.28771837206497 -0.83807093494359 -1.63757896132211e-15
2.2 1.29935538059841 -0.884505088251059 -1.27675647831893e-15
2.22 1.30933577367528 -0.932513362130583 5.17706537361828e-16
2.24 1.31753975140113 -0.982076918387911 1.62196645003831e-15
2.26 1.32384515353112 -1.03316954034601 6.24500451351651e-16
2.28 1.32812750673003 -1.08575754675629 1.52655665885959e-15
2.3 1.33026002457229 -1.13979979179864 6.66133814775094e-16
2.32 1.33011369450816 -1.19524758259631 8.50556604314878e-16
2.34 1.32755823449194 -1.2520437718801 5.08273978461204e-16
2.36 1.32246304961022 -1.31012185065253 1.59594559789866e-16
2.38 1.31469731904809 -1.36940586570274 1.02695629777827e-15
2.4 1.30412999608907 -1.42981041960651 4.9960036108132e-16
2.42 1.290629939331 -1.49124061098638 1.40566811662746e-15
2.44 1.27406735605976 -1.55359137737299 1.61849700308636e-15
2.46 1.25431524562307 -1.61674683806642 5.96744875736022e-16
2.48 1.23124953064633 -1.68058023439631 1.02695629777827e-15
2.5 1.20474905703253 -1.74495392972188 -4.44089209850063e-16
2.52 1.17469576543892 -1.80971939206321 -4.81602605018061e-16
2.54 1.14097657751928 -1.87471700304547 -1.26634813746307e-15
2.56 1.10348528216623 -1.93977586684314 -2.4980018054066e-15
2.58 1.06212270698787 -2.00471379281137 -1.60982338570648e-15
2.6 1.01679671830769 -2.06933729548589 -2.1094237467878e-15
2.62 0.967422422840076 -2.13344164288994 -1.14773641979315e-15
2.64 0.91392438611985 -2.19681138790964 -8.22258927613007e-16
2.66 0.856238850931935 -2.25922089966941 -7.21644966006352e-16
2.68 0.794313938986742 -2.32043441183887 -2.77555756156289e-16
2.7 0.728109650920188 -2.38020602263277 5.55111512312578e-16
2.72 0.657598070425066 -2.43827983094908 1.51679883930722e-15
2.74 0.582765609696228 -2.49439143388713 1.84227633148737e-15
2.76 0.503615254875779 -2.54826942426583 1.66533453693773e-16
2.78 0.420166770184454 -2.5996355267617 1.0547118733939e-15
2.8 0.332456697921611 -2.64820459790885 5.55111512312578e-16
2.82 0.240538527728626 -2.69368485657998 1.51669041908997e-15
2.84 0.144484558486205 -2.73578041927714 9.52363188311267e-16
2.86 0.0443877602116678 -2.77419383542253 1.52655665885959e-16
2.88 -0.0596380566776352 -2.80862631783948 1.38777878078145e-16
2.9 -0.167458241364345 -2.83877774275246 -4.44089209850063e-16
2.92 -0.27891721070156 -2.86434697004998 4.06684234899313e-16
2.94 -0.39383743798805 -2.88503536617704 -3.76434994286967e-16
2.96 -0.512018441743465 -2.90055032702746 -1.1518563880486e-15
2.98 -0.633236693778805 -2.91060559820681 -6.93889390390723e-16
3 -0.757245619196446 -2.91492127503248 -1.11022302462516e-15
3.02 -0.883775632075713 -2.91322418336644 -3.7621815385247e-17
3.04 -1.01253452801458 -2.90525206877629 -3.79904441238921e-16
3.06 -1.14320787667135 -2.89075778569632 -1.17267306976032e-15
3.08 -1.27545905745024 -2.86950967826034 5.82867087928207e-16
3.1 -1.4089292595014 -2.84129158030164 4.9960036108132e-16
3.12 -1.54323767418026 -2.8059032002089 1.40588495706195e-15
3.14 -1.67798361210039 -2.76316435434096 2.51014486973844e-15
3.16 -1.81274862018636 -2.71291920044147 6.24500451351651e-16
3.18 -1.94709667413302 -2.65503662249488 1.08246744900953e-15
3.2 -2.08057417840561 -2.58941023072635 -2.22044604925031e-16
3.22 -2.21271032471359 -2.51595868581453 -3.7621815385247e-17
3.24 -2.34302103522361 -2.43462926523124 -3.79904441238921e-16
3.26 -2.47101290577241 -2.34540142958125 -7.35522753814166e-16
3.28 -2.59618356434078 -2.24828714681495 1.38777878078145e-16
3.3 -2.7180216710535 -2.14333089222841 4.44089209850063e-16
3.32 -2.83600742229218 -2.0306098306732 4.06684234899313e-16
3.34 -2.94961809593582 -1.91023582086509 5.11743425413158e-16
3.36 -3.05833359660146 -1.78235741969276 6.24500451351651e-16
3.38 -3.16163695975691 -1.64716006442764 -2.4980018054066e-16
3.4 -3.25901435172081 -1.50486607272395 -2.22044604925031e-16
3.42 -3.34995565056058 -1.35573462001346 -3.7621815385247e-17
3.44 -3.43396083597042 -1.20006149084804 -3.79904441238921e-16
3.46 -3.51054637914929 -1.03817883024221 -2.06779038336435e-15
3.48 -3.57924582369887 -0.870455121067964 -3.05311331771918e-16
3.5 -3.6396097856236 -0.697295184054712 -4.44089209850063e-16
3.52 -3.69120652654273 -0.519139920956148 4.06575814682064e-16
3.54 -3.73362825902335 -0.336463489385458 1.39818712163731e-15
3.56 -3.76649745191329 -0.149770477650517 6.10622663543836e-16
3.58 -3.78946740355326 0.0404043520792555 -2.77555756156289e-16
3.6 -3.80222224177681 0.233496063772919 -3.33066907387547e-16
3.62 -3.80447738375962 0.42891003647477 -2.5955800009303e-16
3.64 -3.79598459436141 0.626027342608955 -8.22258927613007e-16
3.66 -3.77653704446783 0.824210126284053 -1.60982338570648e-15
3.68 -3.7459697708397 1.02280209222986 -1.16573417585641e-15
3.7 -3.70415967611307 1.2211285057974 -3.33066907387547e-16
3.72 -3.65102577759339 1.4184968475743 -2.59666420310278e-16
3.74 -3.58653194399188 1.61420401415418 9.52363188311267e-16
3.76 -3.51068963216192 1.80754351890604 1.59594559789866e-16
3.78 -3.42355813589326 1.99780614658961 1.38777878078145e-16
3.8 -3.325244585912 2.1842799533554 4.9960036108132e-16
3.82 -3.21590393541592 2.36625099278898 1.40577653684471e-15
3.84 -3.09573880096255 2.54301130239805 -1.56125112837913e-16
3.86 -2.96499930335732 2.71386689009962 -2.77555756156289e-16
3.88 -2.82398305318885 2.87813846026427 -2.77555756156289e-16
3.9 -2.67303515082893 3.03516141371615 -1.22124532708767e-15
3.92 -2.51254788827642 3.18428653153262 -2.5955800009303e-16
3.94 -2.3429574694398 3.32488749684024 -8.22258927613007e-16
3.96 -2.1647407304198 3.45636841661079 -1.16573417585641e-15
3.98 -1.97841484135324 3.57816450546086 1.66533453693773e-16
4 -1.78453730641306 3.68974208565192 -3.33066907387547e-16
4.02 -1.58370542875201 3.79059910914703 6.28511999389847e-16
4.04 -1.37655042488374 3.88027090023552 9.52363188311267e-16
4.06 -1.1637315390638 3.95833589815757 1.52655665885959e-16
4.08 -0.94593550823338 4.024416179161 1.02695629777827e-15
4.1 -0.723876562019318 4.07817745650128 4.44089209850063e-16
4.12 -0.498295737775355 4.11932937002122 4.06575814682064e-16
4.14 -0.269953346035995 4.14762867152739 5.10008701937181e-16
4.16 -0.0396214359703651 4.16288241016662 -2.77555756156289e-16
4.18 0.191916889576527 4.16494822200564 -7.21644966006352e-16
4.2 0.423867474083788 4.15373433003112 -1.22124532708767e-15
4.22 0.655425840669353 4.12919956163892 -2.5955800009303e-16
4.24 0.885785258551777 4.09135354101625 -8.22258927613007e-16
4.26 1.11414480951203 4.04025688152382 -1.60982338570648e-15
4.28 1.3397101212082 3.9760212031851 -2.77555756156289e-16
4.3 1.56169336717551 3.89880913268638 -3.33066907387547e-16
4.32 1.77931393223755 3.80883406512806 6.28728839824344e-16
4.34 1.99180573203012 3.70635754328978 1.84401105496335e-15
4.36 2.19842453252508 3.59168663689551 1.80411241501588e-16
4.38 2.39844861544157 3.46517370436489 1.08246744900953e-15
4.4 2.59117877824603 3.32721639281325 6.66133814775094e-16
4.42 2.77593885318467 3.1782572068625 1.738735024015e-15
4.44 2.95208141664077 3.01877876556097 1.39645239816133e-15
4.46 3.1189934984919 2.84929905930327 5.96744875736022e-16
4.48 3.27609710114243 2.67037101864121 1.02695629777827e-15
4.5 3.42284919952353 2.48258251428371 4.44089209850063e-16
4.52 3.55874206848794 2.28655580630506 1.29486265459944e-15
4.54 3.68330688415239 2.08294148543416 5.11743425413158e-16
4.56 3.79611732524003 1.87241241434401 -2.63677968348475e-16
4.58 3.89678990047523 1.65566317685977 -2.4980018054066e-16
4.6 3.98498394858355 1.43341007795878 -1.11022302462516e-15
4.62 4.06040175992281 1.20639056022115 -9.25691814868124e-16
4.64 4.12278991442468 0.975356784786031 -3.78169717762944e-16
4.66 4.17194061953631 0.741069212308017 -2.05391259555654e-15
4.68 4.20769183185136 0.50429601940766 -2.77555756156289e-16
4.7 4.22992725710999 0.265813098671486 -3.33066907387547e-16
4.72 4.23857630274394 0.0264035119286475 6.28511999389847e-16
4.74 4.23361355587205 -0.213148523706 1.84054160801139e-15
4.76 4.21505826129579 -0.452063649788793 1.04777297948999e-15
4.78 4.18297427404429 -0.689567913270626 5.82867087928207e-16
4.8 4.13747005937436 -0.924892766496949 4.9960036108132e-16
4.82 4.07869850884861 -1.15727554652808 5.17706537361828e-16
4.84 4.00685491719463 -1.38596474766257 -1.54390389361936e-16
4.86 3.92217495916425 -1.61022529396065 -1.1518563880486e-15
4.88 3.82493450561163 -1.82933901856445 -1.13797860024079e-15
4.9 3.71544962349324 -2.04260466369808 -1.11022302462516e-15
4.92 3.59407631120261 -2.24933826307105 -9.25800235085372e-16
4.94 3.46120758725208 -2.44887734831629 -3.79904441238921e-16
4.96 3.31727057895453 -2.64058515542818 -7.35522753814166e-16
4.98 3.16272625775817 -2.82385100716599 1.02695629777827e-15
5 2.99806943924646 -2.99809031305393 4.44089209850063e-16
5.02 2.82382846377221 -3.16274492807432 1.29475423438219e-15
5.04 2.64056168343226 -3.31728709829323 5.10008701937181e-16
5.06 2.44885394904213 -3.4612234064861 6.10622663543836e-16
5.08 2.24931629077012 -3.59409513083094 6.10622663543836e-16
5.1 2.04258591813728 -3.71547824490837 -3.33066907387547e-16
5.12 1.82932576844998 -3.82498366998752 -2.59449579875781e-16
5.14 1.61021953955787 -3.92226005017149 -8.2052420413703e-16
5.16 1.38596672261188 -4.00699652754272 -2.48412401759879e-15
5.18 1.15728215049676 -4.07892299444898 -1.13797860024079e-15
5.2 0.92489599783109 -4.13781009350333 -1.11022302462516e-15
5.22 0.68955328426223 -4.18346932476521 -3.77302356024956e-17
5.24 0.452008410710823 -4.21575422473225 1.39471767468535e-15
5.26 0.213019695615283 -4.23456154533209 5.89805981832114e-16
5.28 -0.0266511217732114 -4.23983136110344 9.99200722162641e-16
5.3 -0.266238881390756 -4.23154706919609 1.33226762955019e-15
5.32 -0.504975512051603 -4.20973536022088 2.0719103516198e-15
5.34 -0.742095638048138 -4.17446589759952 5.10008701937181e-16
5.36 -0.97684218575081 -4.12585099691441 1.66533453693773e-16
5.38 -1.20846689329907 -4.06404559675863 -7.21644966006352e-16
5.4 -1.43623031060134 -3.9892472587359 -2.1094237467878e-15
5.42 -1.65940228098145 -3.90169599302609 -2.03602325971053e-15
5.44 -1.87726723928904 -3.8016723396053 -1.71217207078911e-15
5.46 -2.08912951001004 -3.68949544946595 -2.95596880306448e-15
5.48 -2.29431378891304 -3.56552291018227 -1.63757896132211e-15
5.5 -2.49216514304931 -3.43015074591031 -1.33226762955019e-15
5.52 -2.68204942294436 -3.28381311708968 4.06684234899313e-16
5.54 -2.86335779670499 -3.12697901716357 1.39992184511328e-15
5.56 -3.03551128412644 -2.96014896929861 6.24500451351651e-16
5.58 -3.19796116888388 -2.7838547260867 1.08246744900953e-15
5.6 -3.35018899853248 -2.59865926954503 6.66133814775094e-16
5.62 -3.49170689776796 -2.4051564085315 8.50556604314878e-16
5.64 -3.62206101429364 -2.20396635031479 5.08273978461204e-16
5.66 -3.74083496468738 -1.99573127214433 -2.91433543964104e-16
5.68 -3.8476501476622 -1.78111491866584 5.82867087928207e-16
5.7 -3.9421657440663 -1.56080260192124 4.44089209850063e-16
5.72 -4.02407890565245 -1.3355007253774 1.29486265459944e-15
5.74 -4.09312683154103 -1.10593154824146 2.28810026481341e-15
5.76 -4.14908884468321 -0.872827949776185 6.24500451351651e-16
5.78 -4.19178658063026 -0.636932953328696 6.38378239159465e-16
5.8 -4.22108398753355 -0.398999726330408 -2.22044604925031e-16
5.82 -4.23688737288467 -0.159791072160829 -3.7621815385247e-17
5.84 -4.23914591765577 0.0799261593510335 -3.79904441238921e-16
5.86 -4.22785219044011 0.319386661425258 -1.17961196366423e-15
5.88 -4.20304219419204 0.557827178467227 -3.05311331771918e-16
5.9 -4.16479536622704 0.794486506067655 4.44089209850063e-16
5.92 -4.11323448375553 1.02860599213446 4.06684234899313e-16
5.94 -4.04852462475513 1.25943504934365 1.39992184511328e-15
5.96 -3.97087212884291 1.48623666759018 6.24500451351651e-16
5.98 -3.88052450280921 1.70828791511985 -2.4980018054066e-16
6 -3.77777042061765 1.92487993852931 -2.22044604925031e-16
6.02 -3.6629394909062 2.13531841905265 -3.78386558197441e-17
6.04 -3.53639969949889 2.33892859171405 -3.83373888190874e-16
6.06 -3.39855485191748 2.53506026448033 -1.18655085756814e-15
6.08 -3.24984434088254 2.7230882745476 -3.60822483003176e-16
6.1 -3.09074314631347 2.90241248834126 3.88578058618805e-16
6.12 -2.92176148542603 3.07245817269485 2.95661932436797e-16
6.14 -2.74344096380563 3.23268007781773 1.17787724018825e-15
6.16 -2.55635072648051 3.38256652026276 1.80411241501588e-16
6.18 -2.36108710801938 3.52163975410516 -6.93889390390723e-16
6.2 -2.15827363253137 3.64945597094253 -1.11022302462516e-15
6.22 -1.94856057492787 3.76560556046556 -9.25800235085372e-16
6.24 -1.7326201348026 3.8697159767361 -1.26808286093905e-15
6.26 -1.51114161031164 3.96145460446523 -1.62370117351429e-15
6.28 -1.28483095943529 4.04052901958396 -7.49400541621981e-16
6.3 -1.05441079997806 4.10668698924329 4.44089209850063e-16
6.32 -0.820619913833721 4.15971659900436 1.29486265459944e-15
6.34 -0.584207793901076 4.19944765193089 2.28810026481341e-15
6.36 -0.345929190999706 4.2257530676816 1.51267887105178e-15
6.38 -0.106543618135035 4.23854900970041 1.52655665885959e-15
6.4 0.133184649501664 4.23779488521643 6.66133814775094e-16
6.42 0.372487084463137 4.22349332847476 8.50665024532127e-16
6.44 0.61059651627467 4.19569001627497 -3.78169717762944e-16
6.46 0.846752740662612 4.15447348350959 -1.16573417585641e-15
6.48 1.08020302948424 4.09997510639492 -2.77555756156289e-16
6.5 1.31020213072776 4.03236910247098 5.55111512312578e-16
6.52 1.53601275418958 3.95187237362399 6.28620419607095e-16
6.54 1.75691091392449 3.85874277933332 1.84227633148737e-15
6.56 1.97219127069575 3.75327740991843 1.0547118733939e-15
6.58 2.18116761765246 3.63581242956129 6.10622663543836e-16
6.6 2.38317288032946 3.50672307630643 5.55111512312578e-16
6.62 2.57755953970675 3.36642337438122 6.28620419607095e-16
6.64 2.76370428586228 3.21536296971906 6.59194920871187e-17
6.66 2.94101267162474 3.05402396548269 -7.21644966006352e-16
6.68 3.10891953563293 2.88292063438442 -7.21644966006352e-16
6.7 3.26688900233573 2.70259941868617 -3.33066907387547e-16
6.72 3.41441480679455 2.5136385367082 -2.59666420310278e-16
6.74 3.55102386750984 2.31664365442568 6.41847686111419e-17
6.76 3.67627985924762 2.11224355706512 -7.35522753814166e-16
6.78 3.78978353784192 1.90108975561317 1.38777878078145e-16
6.8 3.89117274019477 1.68385648681665 -4.44089209850063e-16
6.82 3.9801225876791 1.46124024485486 4.06575814682064e-16
6.84 4.05634772357095 1.23395462973545 -3.78169717762944e-16
6.86 4.11960455048161 1.00272519569034 -1.16573417585641e-15
6.88 4.16969143376054 0.76828898284801 -7.21644966006352e-16
6.9 4.20644870149541 0.531394517233556 -1.22124532708767e-15
6.92 4.22975870837817 0.292801303366378 -2.59666420310278e-16
6.94 4.23954653823245 0.0532742428352011 -8.23993651088983e-16
6.96 4.2357807065409 -0.186421947126928 -1.61676227961038e-15
6.98 4.21847322431135 -0.42552324104491 -3.05311331771918e-16
7 4.18767959807673 -0.663266305201597 -3.88578058618805e-16
7.02 4.14349874973651 -0.898889001545465 5.1759811714458e-16
7.04 4.08607213481156 -1.13163593067506 1.62023172656234e-15
7.06 4.01558286069906 -1.36076397482345 -2.77555756156289e-16
7.08 3.93225560651384 -1.58554280176587 6.10622663543836e-16
7.1 3.83635662308839 -1.80525486481978 -3.33066907387547e-16
7.12 3.72819351600248 -2.0191958652458 6.28511999389847e-16
7.14 3.60811285890896 -2.22667983865859 6.41847686111419e-17
7.16 3.47649780685957 -2.42704424143774 -2.84494650060196e-16
7.18 3.33376787933453 -2.61965041312875 1.38777878078145e-16
7.2 3.18037896024256 -2.80388357644303 -3.88578058618805e-16
7.22 3.01682295961219 -2.97915322050711 5.17706537361828e-16
7.24 2.84362409219608 -3.14489731660415 7.33788030338189e-16
7.26 2.66133515607535 -3.30058653391543 -2.63677968348475e-16
7.28 2.47053719435088 -3.44572462276958 6.38378239159465e-16
7.3 2.27183949514334 -3.57984841464257 -2.22044604925031e-16
7.32 2.06587916069776 -3.70252809545198 -3.7621815385247e-17
7.34 1.85331636753424 -3.81337021179387 5.08273978461204e-16
7.36 1.63482962659865 -3.91202067717966 1.59594559789866e-16
7.38 1.41111535236723 -3.99816504533044 1.02695629777827e-15
7.4 1.18288786284663 -4.07152851017689 4.9960036108132e-16
7.42 0.950878889029182 -4.1318760488459 1.40588495706195e-15
7.44 0.715832178901947 -4.17901399451269 1.62196645003831e-15
7.46 0.478498101455612 -4.21279160925294 6.24500451351651e-16
7.48 0.239633156139882 -4.23310122702937 1.08246744900953e-15
7.5 -2.7136547231521e-08 -4.23987825369171 -2.22044604925031e-16
7.52 -0.239633199021885 -4.23310116655631 -3.7621815385247e-17
7.54 -0.478498111896274 -4.21279150978173 -3.79904441238921e-16
7.56 -0.715832141046838 -4.17901388974419 -1.61676227961038e-15
7.58 -0.950878795683555 -4.13187597461728 1.38777878078145e-16
7.6 -1.18288771893931 -4.07152849437187 -3.88578058618805e-16
7.62 -1.41111517788607 -3.99816509848913 5.1759811714458e-16
7.64 -1.63482945371316 -3.91202079080315 7.32053306862213e-16
7.66 -1.85331623190566 -3.81337036434353 6.10622663543836e-16
7.68 -2.0658790922605 -3.70252825904842 1.66533453693773e-16
7.7 -2.27183950888654 -3.57984856176446 -3.33066907387547e-16
7.72 -2.47053728197037 -3.44572473265521 -2.5955800009303e-16
7.74 -2.66133528720059 -3.30058659569402 -8.22258927613007e-16
7.76 -2.84362422519209 -3.14489732915671 -2.05391259555654e-15
7.78 -3.01682305325185 -2.97915319203008 -7.21644966006352e-16
7.8 -3.18037898537896 -2.80388352401188 -1.22124532708767e-15
7.82 -3.3337678296864 -2.61965036198411 -2.59666420310278e-16
7.84 -3.47649770004051 -2.42704422121926 6.41847686111419e-17
7.86 -3.60811272770046 -2.22667987658652 1.59594559789866e-16
7.88 -3.72819339874004 -2.01919597902509 1.38777878078145e-16
7.9 -3.83635655404764 -1.80525505554416 4.9960036108132e-16
7.92 -3.93225560683417 -1.58554304765593 5.1759811714458e-16
7.94 -4.01558293522007 -1.36076423413842 -1.56125112837913e-16
7.96 -4.08607227482232 -1.13163615379837 -2.77555756156289e-16
7.98 -4.14349893626237 -0.898889143904175 -2.77555756156289e-16
8 -4.1876798051661 -0.663266340185931 -1.22124532708767e-15
8.02 -4.21847342240971 -0.42552317182641 -2.59774840527527e-16
8.04 -4.23578086682394 -0.186421806362147 -8.2572837456496e-16
8.06 -4.23954663789837 0.0532744054154938 -1.18655085756814e-15
8.08 -4.22975873602722 0.292801434469309 1.11022302462516e-16
8.1 -4.20644866250938 0.531394573516259 -4.44089209850063e-16
8.12 -4.16969135491197 0.768288943567092 2.95661932436797e-16
8.14 -4.11960447606949 1.00272506586222 5.11743425413158e-16
8.16 -4.05634770308298 1.23395443380762 -7.07767178198537e-16
8.18 -3.98012266268359 1.46124001951442 -2.4980018054066e-16
8.2 -3.89117293123256 1.68385627379892 -1.11022302462516e-15
8.22 -3.78978383253271 1.90108959464476 -9.25800235085372e-16
8.24 -3.67628021375455 2.11224348028629 -3.79904441238921e-16
8.26 -3.55102422136239 2.31664368229204 -7.35522753814166e-16
8.28 -3.41441509892584 2.51363867402685 1.38777878078145e-16
8.3 -3.26688918711975 2.70259965065189 4.44089209850063e-16
8.32 -3.10891959778579 2.88292092338534 1.29486265459944e-15
8.34 -2.94101262860917 3.05402425637048 2.28810026481341e-15
8.36 -2.76370417779538 3.21536320354363 1.51267887105178e-15
8.38 -2.57755941813173 3.36642350289497 1.52655665885959e-15
8.4 -2.38317279698733 3.50672307646849 6.66133814775094e-16
8.42 -2.18116761368566 3.6358123166587 8.5044818409763e-16
8.44 -1.97219137060237 3.75327723547442 -3.81639164714898e-16
8.46 -1.75691112426318 3.85874261380261 -1.18655085756814e-15
8.48 -1.53601306271642 3.95187228770504 -3.33066907387547e-16
8.5 -1.31020250553299 4.03236914841829 4.44089209850063e-16
8.52 -1.08020341878656 4.09997530067883 2.95661932436797e-16
8.54 -0.846753079835298 4.1544738042985 1.39992184511328e-15
8.56 -0.610596742103665 4.19569041574001 1.80411241501588e-16
8.58 -0.372487150062539 4.22349374644201 -6.93889390390723e-16
8.6 -0.133184539229235 4.23779526281908 -1.11022302462516e-15
8.62 0.106543875324652 4.23854930242939 -9.25800235085372e-16
8.64 0.345929525386949 4.22575325181889 -1.26808286093905e-15
8.66 0.584208116018603 4.19944772436551 -1.61676227961038e-15
8.68 0.820620137045836 4.1597165764468 -7.49400541621981e-16
8.7 1.05441086306015 4.10668690743997 4.9960036108132e-16
8.72 1.28483084746333 4.0405289319545 1.40577653684471e-15
8.74 1.51114135696277 3.96145457439129 2.50841014626246e-15
8.76 1.73261980606676 3.8697160635018 1.49880108324396e-15
8.78 1.94856025112947 3.76560580462068 1.94289029309402e-15
8.8 2.158273390351 3.64945637966578 5.55111512312578e-16
8.82 2.36108700336343 3.52164028821689 6.28511999389847e-16
8.84 2.55635078667745 3.38256709938196 -8.23993651088983e-16
8.86 2.7434411891291 3.23268060366325 -1.17961196366423e-15
8.88 2.92176185146576 3.07245855403612 -7.49400541621981e-16
8.9 3.09074360634618 2.90241266594902 -4.44089209850063e-16
8.92 3.24984482881475 2.7230882441404 -4.81494184800813e-16
8.94 3.39855529151824 2.5350600776252 -3.76434994286967e-16
8.96 3.53640001992259 2.33892833468119 -2.63677968348475e-16
8.98 3.66293964278714 2.13531818966598 -6.93889390390723e-16
9 3.77777039216467 1.924879823017 -2.22044604925031e-16
9.02 3.88052433408407 1.70828796625515 -3.78386558197441e-17
9.04 3.97087190606023 1.48623689702531 -3.83373888190874e-16
9.06 4.04852445460394 1.25943543413672 -2.98372437868011e-16
9.08 4.11323446590457 1.0286064825667 5.27355936696949e-16
9.1 4.16479556583008 0.794487033460636 3.88578058618805e-16
9.12 4.20304261660437 0.557827663247216 1.18373193191967e-15
9.14 4.227852780258 0.319387023905976 2.0643209364124e-15
9.16 4.23914658207885 0.0799263332348487 1.66533453693773e-16
9.18 4.23688800728955 -0.159791126034601 1.66533453693773e-16
9.2 4.22108450104738 -0.39900000623718 -1.22124532708767e-15
9.22 4.19178692020681 -0.636933404663242 -1.14762799957591e-15
9.24 4.14908900270652 -0.872828472339612 -1.70870262383715e-15
9.26 4.09312683695647 -1.10593202281052 -2.04003480774873e-15
9.28 4.02407881360037 -1.33550104202679 -1.58206781009085e-15
9.3 3.94216562551565 -1.56080268834579 -2.22044604925031e-16
9.32 3.84765007899616 -1.78111476626283 8.5044818409763e-16
9.34 3.74083501676121 -1.99573093745577 2.28289609438548e-15
9.36 3.62206124096476 -2.20396593182973 1.47798440153224e-15
9.38 3.49170732437799 -2.40515602124836 2.77555756156289e-15
9.4 3.35018961038938 -2.59865901953388 2.22044604925031e-15
9.42 3.19796190141251 -2.7838546863105 2.0719103516198e-15
9.44 3.03551203137277 -2.96014916928192 1.39818712163731e-15
9.46 2.86335843819397 -3.12697944650885 1.66533453693773e-16
9.48 2.68204985220626 -3.28381373025247 -7.21644966006352e-16
9.5 2.49216529614609 -3.43015146697437 -1.22124532708767e-15
9.52 2.29431367057775 -3.56552363843112 -2.03580641927603e-15
9.54 2.08912919353035 -3.68949607371381 -1.70870262383715e-15
9.56 1.8772668401347 -3.80167276128772 -2.92821322744885e-15
9.58 1.65940192804488 -3.90169615008678 -1.58206781009085e-15
9.6 1.43623011743822 -3.98924714951362 -1.11022302462516e-15
9.62 1.20846693089141 -4.06404530089827 8.5044818409763e-16
9.64 0.976842472017466 -4.12585066354452 2.28289609438548e-15
9.66 0.742096144102784 -4.17446570077616 1.47798440153224e-15
9.68 0.504976169983172 -4.20973545139582 2.77555756156289e-15
9.7 0.266239592043889 -4.23154752968489 2.22044604925031e-15
9.72 0.0266517633065057 -4.23983215893922 2.07201877183705e-15
9.74 -0.213019250615374 -4.23456254036146 1.39992184511328e-15
9.76 -0.452008269560395 -4.21575522195332 1.80411241501588e-16
9.78 -0.689553507732559 -4.1834701320513 -6.93889390390723e-16
9.8 -0.924896573701241 -4.13781057932665 -1.99840144432528e-15
9.82 -1.15728297062322 -4.078923140831 -1.81387023456825e-15
9.84 -1.38596759868483 -4.00699643049831 -1.26634813746307e-15
9.86 -1.61022025754426 -3.92225986764674 -2.4980018054066e-15
9.88 -1.82932614655347 -3.82498356502432 -7.21644966006352e-16
9.9 -2.04258586475827 -3.71547832880895 -3.33066907387547e-16
9.92 -2.24931585681949 -3.59409541178525 1.51669041908997e-15
9.94 -2.44885331814607 -3.46122379829059 2.72872002771152e-15
9.96 -2.64056110002825 -3.31728748916101 1.92901250528621e-15
9.98 -2.8238281555587 -3.16274525490814 2.35922392732846e-15
10 -2.99806953963256 -2.99809063571916 1.33226762955019e-15
10.02 -3.16272677074523 -2.82385158208428 1.29475423438219e-15
10.04 -3.31727181076835 -2.64058650169792 -3.78169717762944e-16
10.06 -3.46121104472576 -2.4488803063601 -1.16573417585641e-15
10.08 -3.59408564259127 -2.2493440526038 -1.60982338570648e-15
10.1 -3.71547155928874 -2.04261494169494 -1.22124532708767e-15
10.12 -3.82497978158988 -1.82935587016278 -1.14773641979315e-15
10.14 -3.92225904399092 -1.61025048563393 -8.22258927613007e-16
10.16 -4.00699854458919 -1.3859982426664 -1.60982338570648e-15
10.18 -4.07892819198104 -1.15731395327996 -2.77555756156289e-16
10.2 -4.13781860526183 -0.924927786956143 -3.33066907387547e-16
10.22 -4.18348122358643 -0.689584773023122 6.28511999389847e-16
10.24 -4.21576951133537 -0.452039326889303 9.52363188311267e-16
10.26 -4.23458016328084 -0.213049776276955 1.59594559789866e-16
10.28 -4.23985321414723 0.0266221363929274 1.02695629777827e-15
10.3 -4.23157203861119 0.266211254000629 4.9960036108132e-16
10.32 -4.20976332119607 0.504949513707475 1.40577653684471e-15
10.34 -4.17449672511135 0.742071545733315 7.32053306862213e-16
10.36 -4.12588456109196 0.97682027213401 -2.77555756156289e-16
10.38 -4.06408175729288 1.20844741578119 -2.77555756156289e-16
10.4 -3.98928585928902 1.43621350036228 -1.22124532708767e-15
10.42 -3.90173685609706 1.65938833302038 -2.5955800009303e-16
10.44 -3.80171526641481 1.87725631339356 -8.22258927613007e-16
10.46 -3.68954022486054 2.089121742654 -1.16573417585641e-15
10.48 -3.56556930799475 2.29430930614797 1.66533453693773e-16
10.5 -3.43019853432019 2.49216407339583 -3.33066907387547e-16
10.52 -3.28386206341274 2.68205190914694 6.28403579172598e-16
10.54 -3.12702888636079 2.86336399498394 9.5062846483529e-16
10.56 -2.96019951620485 3.03552135092706 1.45716771982052e-16
10.58 -2.78390568706827 3.19797524648902 9.99200722162641e-16
10.6 -2.59871035415736 3.35020720067503 4.44089209850063e-16
10.62 -2.40520729224977 3.49172929609564 2.95987193088543e-16
10.64 -2.20401667906753 3.62208763420776 5.16947595841089e-16
10.66 -1.99578067865006 3.74086579055568 -6.86950496486816e-16
10.68 -1.78116303984262 3.84768512888387 -1.0547118733939e-15
10.7 -1.56084909629635 3.94220480113704 -1.83186799063151e-15
10.72 -1.33554528916438 4.02412193619637 -5.93058588349571e-16
10.74 -1.10597391676005 4.09317371597847 -6.07153216591882e-16
10.76 -0.87286788421499 4.14913945153435 -3.12250225675825e-16
10.78 -0.636970226175328 4.1918407717857 1.38777878078145e-15
10.8 -0.399034106801691 4.22114162352491 2.05391259555654e-15
10.82 -0.159822312574108 4.23694831738128 2.73815258661214e-15
10.84 0.0798983268540108 4.23921003345004 3.39832328943857e-15
10.86 0.319362517801898 4.22791932692136 1.51267887105178e-15
10.88 0.557807009756523 4.20311217404657 1.08246744900953e-15
10.9 0.794470595372596 4.16486797213818 -1.11022302462516e-15
10.92 1.02859461155813 4.11330944632571 -1.8139786547855e-15
10.94 1.25942845141568 4.0486016238696 -3.0444397003393e-15
10.96 1.4862350761836 3.9709508084752 -4.28823643261467e-15
10.98 1.7082915163216 3.88060448704853 -2.96984659087229e-15
11 1.92488887151075 3.77785132969632 -1.33226762955019e-15
11.02 2.13533276806996 3.66302095639513 4.06575814682064e-16
11.04 2.33894839053725 3.53648137035163 1.39818712163731e-15
11.06 2.53508551325099 3.39863639136297 1.49880108324396e-15
11.08 2.72311895776643 3.24992542248587 1.49880108324396e-15
11.1 2.90244859285565 3.09082345003663 1.4432899320127e-15
11.12 3.07249970419195 2.92184069348851 6.28620419607095e-16
11.14 3.23272706087799 2.74351875434309 6.59194920871187e-17
11.16 3.38261898197384 2.55642676500158 -7.21644966006352e-16
11.18 3.5216977061814 2.36116103866223 -1.16573417585641e-15
11.2 3.64951939184437 2.15834506932031 -3.33066907387547e-16
11.22 3.76567437848895 1.94862909442147 -2.59666420310278e-16
11.24 3.86979006377137 1.73268528404832 9.52363188311267e-16
11.26 3.96153378042544 1.511202930107 1.59594559789866e-16
11.28 4.04061305780319 1.28488800898055 1.38777878078145e-16
11.3 4.10677562187493 1.05446318152891 4.9960036108132e-16
11.32 4.15980952275357 0.820667295449294 1.40588495706195e-15
11.34 4.1995445374627 0.584249911240732 -1.54390389361936e-16
11.36 4.22585357270465 0.345965828168583 -2.63677968348475e-16
11.38 4.23865279238483 0.10657458662494 -2.4980018054066e-16
11.4 4.23790161761179 -0.133159531871367 -1.11022302462516e-15
11.42 4.22360270837777 -0.372468013387985 -3.75133951679985e-17
11.44 4.19580176204576 -0.610583707424351 -3.78169717762944e-16
11.46 4.15458731183641 -0.846746422757014 -7.21644966006352e-16
11.48 4.10009070850873 -1.08020343615284 1.0547118733939e-15
11.5 4.03248612036001 -1.31020949236902 5.55111512312578e-16
11.52 3.9519903783397 -1.53602728951037 1.51669041908997e-15
11.54 3.85886127230107 -1.75693281795974 1.84054160801139e-15
11.56 3.75339584725295 -1.97222069930836 1.04777297948999e-15
11.58 3.63593024847353 -2.18120467171316 1.47104550762833e-15
11.6 3.50683972151036 -2.38321758989682 4.9960036108132e-16
11.62 3.3665383231041 -2.57761185009315 5.1759811714458e-16
11.64 3.21547574134992 -2.76376406444728 -1.56125112837913e-16
11.66 3.05413411585892 -2.94107973541573 -2.05391259555654e-15
11.68 2.88302774868185 -3.1089936807119 -1.16573417585641e-15
11.7 2.70270310430913 -3.26697003330606 -2.1094237467878e-15
11.72 2.51373841592484 -3.41450256388921 -1.1478448400104e-15
11.74 2.31673935420033 -3.55111822797528 -8.23993651088983e-16
11.76 2.11233469608794 -3.67638071300345 -1.17267306976032e-15
11.78 1.90117593107492 -3.78989076080194 1.38777878078145e-16
11.8 1.68393726118342 -3.89128616758802 -3.88578058618805e-16
11.82 1.46131513465476 -3.98024198887877 5.1759811714458e-16
11.84 1.23402311647567 -4.05647279350936 -1.56125112837913e-16
11.86 1.00278675890467 -4.11973491765123 -2.77555756156289e-16
11.88 0.768343135156225 -4.16982666972291 6.10622663543836e-16
11.9 0.531440839400757 -4.20658833039 -3.33066907387547e-16
11.92 0.292839476611418 -4.22990221679009 -2.5955800009303e-16
11.94 0.0533040508783717 -4.23969338900717 6.59194920871187e-17
11.96 -0.186400646276914 -4.23593035654595 -2.77555756156289e-16
11.98 -0.425510546054904 -4.21862514255682 1.66533453693773e-16
12 -0.663262302378 -4.18783328383587 -3.33066907387547e-16
12.02 -0.898893794036606 -4.14365374854425 6.28511999389847e-16
12.04 -1.13164964829583 -4.08622803112174 9.52363188311267e-16
12.06 -1.36078676450216 -4.01573924720021 1.52655665885959e-16
12.08 -1.58557481622956 -3.93241205132305 1.02695629777827e-15
12.1 -1.80529625127945 -3.83651263694519 4.44089209850063e-16
12.12 -2.01924675372618 -3.72834852237173 4.06684234899313e-16
12.14 -2.22674032641708 -3.6082661960833 5.11743425413158e-16
12.16 -2.42711437347261 -3.47664876206143 -2.63677968348475e-16
12.18 -2.61973016233176 -3.33391572572722 -6.93889390390723e-16
12.2 -2.8039728237521 -3.18052299394131 -1.11022302462516e-15
12.22 -2.97925173754449 -3.0169625346691 -3.78386558197441e-17
12.24 -3.14500477565541 -2.84375863329797 -3.83373888190874e-16
12.26 -3.30070254524929 -2.66146414895454 -1.19348975147204e-15
12.28 -3.44584877444321 -2.47066017416981 5.27355936696949e-16
12.3 -3.57998031230694 -2.27195603487919 3.33066907387547e-16
12.32 -3.70266739900301 -2.06598885931247 1.07314331032615e-15
12.34 -3.81351663732754 -1.85341883578319 1.84921522539128e-15
12.36 -3.91217396425105 -1.63492447047805 -2.42861286636753e-16
12.38 -3.99832492105857 -1.41120215634687 -1.66533453693773e-16
12.4 -4.07169465334961 -1.18296617310257 -1.83186799063151e-15
12.42 -4.13204805615408 -0.950948199256078 -1.48112858783245e-15
12.44 -4.17919137020715 -0.715891944499994 -1.49359691281603e-15
12.46 -4.21297377822412 -0.478547782092273 -7.49400541621981e-16
12.48 -4.23328755001633 -0.239672260891106 5.27355936696949e-16
12.5 -4.24006804249114 -2.81053549348043e-05 2.1094237467878e-15
12.52 -4.23329369948651 0.239616299101842 2.84917488907466e-15
12.54 -4.21298604995112 0.478492567195827 3.6203678943636e-15
12.56 -4.17920970612448 0.71583797486161 2.84494650060196e-15
12.58 -4.13207236337151 0.950895973896038 1.52655665885959e-15
12.6 -4.07172480018254 1.18291619195821 -2.22044604925031e-16
12.62 -3.99836073326523 1.4111549201669 -1.8139786547855e-15
12.64 -3.91221522355566 1.634880476672 -3.0444397003393e-15
12.66 -3.81356308222947 1.85337857022604 -3.8372083288607e-15
12.68 -3.70271872579379 2.06595278778155 -2.52575738102223e-15
12.7 -3.58003617608719 2.27192459449109 -1.27675647831893e-15
12.72 -3.44590879044363 2.47063376522775 -3.70580302555545e-16
12.74 -3.30076629349508 2.66144313131067 7.32053306862213e-16
12.76 -3.14507180897426 2.8437433272306 1.49880108324396e-15
12.78 -2.97932158987849 3.01695322217039 1.94289029309402e-15
12.8 -2.80404501846971 3.18051992000502 1.4432899320127e-15
12.82 -2.61980421997326 3.33391909969959 6.28511999389847e-16
12.84 -2.42718981326467 3.47665875968815 -8.23993651088983e-16
12.86 -2.22681666155643 3.6082829622523 -1.17961196366423e-15
12.88 -2.01932348609682 3.72837217391932 -7.49400541621981e-16
12.9 -1.80537286616985 3.83654326546219 -4.44089209850063e-16
12.92 -1.58565077749667 3.93244972544009 -4.81602605018061e-16
12.94 -1.36086151465039 4.01578400914492 -3.78169717762944e-16
12.96 -1.13172261347096 4.08627988754769 -2.77555756156289e-16
12.98 -0.898964389466495 4.14371266083912 -7.21644966006352e-16
13 -0.663329937813307 4.18789915842964 -3.33066907387547e-16
13.02 -0.425574631391031 4.21869782204799 -2.59666420310278e-16
13.04 -0.186460599169373 4.23600961982613 -8.23993651088983e-16
13.06 0.0532487954051742 4.23977896038409 -7.28583859910259e-16
13.08 0.292789456374171 4.22999377592859 -3.05311331771918e-16
13.1 0.531396555267232 4.20668552225305 -3.88578058618805e-16
13.12 0.768305042128086 4.16992911410472 5.17706537361828e-16
13.14 1.00275526680129 4.11984221422307 1.62196645003831e-15
13.16 1.23399860021895 4.05658452237827 -2.63677968348475e-16
13.18 1.46129794542674 3.98035771073822 6.38378239159465e-16
13.2 1.68392773758398 3.89140542386864 -2.22044604925031e-16
13.22 1.90117440927888 3.79001307351977 8.50556604314878e-16
13.24 2.11234150899725 3.6765055812806 5.08273978461204e-16
13.26 2.31675481959109 3.55124512123309 1.59594559789866e-16
13.28 2.51376282359394 3.41463091473888 1.02695629777827e-15
13.3 2.70273670322088 3.26709923043935 4.9960036108132e-16
13.32 2.88307073460722 3.10912306292424 1.40577653684471e-15
13.34 3.05418662443428 2.941208598087 1.62023172656234e-15
13.36 3.21553784655506 2.76389167848009 6.10622663543836e-16
13.38 3.36661003623299 2.5777374819837 1.0547118733939e-15
13.4 3.50692099014193 2.3833405218057 -3.33066907387547e-16
13.42 3.63602095605414 2.18132422022877 -2.59666420310278e-16
13.44 3.75349581940836 1.97233621982843 -8.23993651088983e-16
13.46 3.8589702898778 1.75704369469118 -2.06085148946045e-15
13.48 3.95210819105819 1.53613292416156 -7.49400541621981e-16
13.5 4.03261246046775 1.31030929284216 -1.27675647831893e-15
13.52 4.10022530304357 1.08029680586921 -3.70688722772794e-16
13.54 4.15472987960176 0.846832756944228 -1.57859836313889e-16
13.56 4.1959519952976 0.610662396365663 -2.84494650060196e-16
13.58 4.22376025312188 0.372538446304484 -3.05311331771918e-16
13.6 4.23806605390094 0.133221100804183 -3.88578058618805e-16
13.62 4.23882361622956 -0.106522482324891 -3.70688722772794e-16
13.64 4.2260301957329 -0.345923770667903 -1.04603825601401e-15
13.66 4.19972630432846 -0.58421844636791 -7.28583859910259e-16
13.68 4.15999573015897 -0.820646914231519 -3.05311331771918e-16
13.7 4.10696553759242 -1.0544543017289 -1.27675647831893e-15
13.72 4.04080593891405 -1.28489095833392 -3.70580302555545e-16
13.74 3.96172888293891 -1.51121794826575 -1.56125112837913e-16
13.76 3.86998664362432 -1.73271254323046 -7.21644966006352e-16
13.78 3.76587169176191 -1.94866872176114 6.10622663543836e-16
13.8 3.64971669497764 -2.15839716921794 -3.33066907387547e-16
13.82 3.52189425570833 -2.3612257134571 -2.59666420310278e-16
13.84 3.38281402894353 -2.55650411719035 9.52363188311267e-16
13.86 3.23291983996742 -2.74360887034439 -2.84494650060196e-16
13.88 3.07268942233531 -2.9219436257299 1.02695629777827e-15
13.9 2.9026344178737 -3.09093919904155 4.9960036108132e-16
13.92 2.72330000861125 -3.25005391962214 5.17489696927331e-16
13.94 2.53526086802011 -3.39877748886799 1.61849700308636e-15
13.96 2.33911711225728 -3.53663483863434 -2.84494650060196e-16
13.98 2.13549393209556 -3.66318648199949 5.82867087928207e-16
14 1.92504159292362 -3.77802851326479 -3.88578058618805e-16
14.02 1.70843497568853 -3.88079284239466 -3.70580302555545e-16
14.04 1.48636852726375 -3.97114977385683 -1.56125112837913e-16
14.06 1.25955121081721 -4.04881058546249 -7.21644966006352e-16
14.08 1.02870604675386 -4.11352776280636 -2.77555756156289e-16
14.1 0.794570112715619 -4.16509499926668 -1.22124532708767e-15
14.12 0.557894042701873 -4.20334728690125 -2.59666420310278e-16
14.14 0.319436517394214 -4.22816191630389 6.41847686111419e-17
14.16 0.0799587544812422 -4.23945947646098 -2.84494650060196e-16
14.18 -0.159775992220984 -4.23720394564746 1.02695629777827e-15
14.2 -0.399002432768978 -4.22140269142684 4.9960036108132e-16
14.22 -0.636953746236331 -4.19210642735507 5.17706537361828e-16
14.24 -0.872867137303565 -4.14940873672256 1.62196645003831e-15
14.26 -1.10598939284798 -4.09344559629638 -2.63677968348475e-16
14.28 -1.33557738708819 -4.02439533302403 6.38378239159465e-16
14.3 -1.5608980815841 -3.94247862403348 -2.22044604925031e-16
14.32 -1.78122900675341 -3.84795830631791 -3.7621815385247e-17
14.34 -1.99586355855291 -3.74113728326837 5.08273978461204e-16
14.36 -2.20411629515973 -3.62235643120638 1.59594559789866e-16
14.38 -2.40532341848784 -3.4919944090687 1.02695629777827e-15
14.4 -2.59884277418808 -3.35046765840737 4.9960036108132e-16
14.42 -2.78405424809068 -3.19823008911002 1.40577653684471e-15
14.44 -2.96036412707378 -3.03576962232405 1.62023172656234e-15
14.46 -3.12720945993187 -2.86360473338072 6.10622663543836e-16
14.48 -3.28405845381837 -2.68228413751549 1.0547118733939e-15
14.5 -3.43041047424563 -2.49238678986805 -3.33066907387547e-16
14.52 -3.56579635106711 -2.29452147603993 -2.59449579875781e-16
14.54 -3.68978174428126 -2.08932230822786 -8.2052420413703e-16
14.56 -3.80197050983542 -1.87744422135724 -2.04003480774873e-15
14.58 -3.90200500560797 -1.6595625636397 -6.93889390390723e-16
14.6 -3.98956609140837 -1.43637309657311 -1.11022302462516e-15
14.62 -4.06437329762467 -1.20859151049652 -3.7621815385247e-17
14.64 -4.12618668034674 -0.976948095694779 5.08273978461204e-16
14.66 -4.17480867648942 -0.742182413503082 6.03683769639929e-16
14.68 -4.21008427244011 -0.505042811861939 1.02695629777827e-15
14.7 -4.23190100405873 -0.266286425317172 1.38777878078145e-15
14.72 -4.24018899592286 -0.0266786674156295 1.40577653684471e-15
14.74 -4.23492139302366 0.21301235294208 7.32053306862213e-16
14.76 -4.21611479246184 0.452021415148835 6.10622663543836e-16
14.78 -4.18382928269275 0.689586694495294 1.66533453693773e-16
14.8 -4.13816844352639 0.924949762169909 -1.22124532708767e-15
14.82 -4.07927921181851 1.15735609068275 -1.1478448400104e-15
14.84 -4.00735040407296 1.38606061352774 -8.23993651088983e-16
14.86 -3.92261123904396 1.61033328484491 -2.06779038336435e-15
14.88 -3.82533120342729 1.82945958484423 -7.49400541621981e-16
14.9 -3.71582005186025 2.0427405198056 -1.33226762955019e-15
14.92 -3.59442761423436 2.24949303990668 -4.81494184800813e-16
14.94 -3.46154167613525 2.44905463532908 -3.76434994286967e-16
14.96 -3.31758585928247 2.64078793236451 -2.63677968348475e-16
14.98 -3.16301942884222 2.82408111124265 -6.93889390390723e-16
15 -2.99833729342735 2.99834790613108 -2.22044604925031e-16
15.02 -2.82406957299399 3.16302802443818 -3.75133951679985e-17
15.04 -2.64077684570445 3.3175917591443 -3.78169717762944e-16
15.06 -2.44904539479018 3.46154460113292 -2.77555756156289e-16
15.08 -2.24948677644838 3.59442765849349 6.10622663543836e-16
15.1 -2.04273781984201 3.71581765652145 5.55111512312578e-16
15.12 -1.82946023620616 3.82532712357298 1.51679883930722e-15
15.14 -1.61033631901827 3.92260643546754 2.73045475118749e-15
15.16 -1.38606464416841 4.00734585989034 1.0547118733939e-15
15.18 -1.1573596790656 4.07927574224713 1.49880108324396e-15
15.2 -0.924951782637851 4.13816650566421 5.55111512312578e-16
15.22 -0.689586673768611 4.18382880383004 6.28511999389847e-16
15.24 -0.452019584097709 4.21611520225296 6.41847686111419e-17
15.26 -0.213009410822329 4.23492185951891 -7.35522753814166e-16
15.28 0.0266818148665454 4.24018868013307 -7.49400541621981e-16
15.3 0.266288927784128 4.23189931451985 -4.44089209850063e-16
15.32 0.505044121158274 4.21008110002699 -4.81602605018061e-16
15.34 0.742182363100365 4.17480441197072 -3.78169717762944e-16
15.36 0.976946813076184 4.1261820146809 -1.16573417585641e-15
15.38 1.20858931431237 4.06436900250514 -7.21644966006352e-16
15.4 1.43637039379639 3.98956279980881 -1.22124532708767e-15
15.42 1.6595597504153 3.90200300704123 -2.5955800009303e-16
15.44 1.8774416244814 3.80196970746411 -8.22258927613007e-16
15.46 2.08932016725805 3.68978177387988 -1.60982338570648e-15
15.48 2.29451992909833 3.56579671469802 -2.77555756156289e-16
15.5 2.49238585944503 3.43041067393494 -3.33066907387547e-16
15.52 2.6822837190403 3.28405811864752 6.28620419607095e-16
15.54 2.86360461423144 3.12720840070109 1.84227633148737e-15
15.56 3.03576953127669 2.96036231853745 1.66533453693773e-16
15.58 3.19822974855485 2.78405180460829 1.0547118733939e-15
15.6 3.35046683656529 2.59883992537525 5.55111512312578e-16
15.62 3.49199296928928 2.40532048316972 1.51669041908997e-15
15.64 3.62235434916459 2.20411363665105 9.52363188311267e-16
15.66 3.74113463206012 1.9958615212648 1.52655665885959e-16
15.68 3.84795523863726 1.78122785110252 1.38777878078145e-16
15.7 3.94247535434982 1.56089791890181 -4.44089209850063e-16
15.72 4.02439211839661 1.33557812112801 4.06575814682064e-16
15.74 4.09344270219903 1.10599073387334 -3.78169717762944e-16
15.76 4.14940638787867 0.872868688755934 -1.16573417585641e-15
15.78 4.19210475720988 0.636955098001611 -7.21644966006352e-16
15.8 4.22140169161969 0.399003254443869 -1.22124532708767e-15
15.82 4.23720342203118 0.159776120394095 -2.59666420310278e-16
15.84 4.23945907713968 -0.0799592947861717 -8.23993651088983e-16
15.86 4.22816123168903 -0.319437557112957 -1.61676227961038e-15
15.88 4.20334595631488 -0.557895319109639 -3.05311331771918e-16
15.9 4.16509281754469 -0.794571319806968 -3.88578058618805e-16
15.92 4.11352477757344 -1.02870688480945 5.1759811714458e-16
15.94 4.04880709179625 -1.25955142702582 1.62023172656234e-15
15.96 3.97114620634112 -1.48636794739949 -2.77555756156289e-16
15.98 3.88078965784458 -1.70843353497495 6.10622663543836e-16
16 3.77802607345172 -1.92503936689781 -3.33066907387547e-16
16.02 3.66318494430051 -2.13549116215912 6.28511999389847e-16
16.04 3.53663413384938 -2.33911417278376 6.41847686111419e-17
16.06 3.39877738620487 -2.53525817501874 -2.84494650060196e-16
16.08 3.25005409960595 -2.72329792307757 1.38777878078145e-16
16.1 3.090939326424 -2.9026331491403 -3.88578058618805e-16
16.12 2.92194341965387 -3.07268893995961 5.1759811714458e-16
16.14 2.74360814431519 -3.23291987952787 7.32053306862213e-16
16.16 2.55650278885375 -3.38281419174426 -2.77555756156289e-16
16.18 2.3612238116325 -3.52189411702083 6.10622663543836e-16
16.2 2.15839484093158 -3.64971591228255 -3.33066907387547e-16
16.22 1.94866623564402 -3.76587010583859 -2.59666420310278e-16
16.24 1.73271025292879 -3.86998430096687 6.41847686111419e-17
16.26 1.51121621586384 -3.96172597949861 -2.84494650060196e-16
16.28 1.28489007414182 -4.04080275668967 1.38777878078145e-16
16.3 1.05445440407005 -4.1069623812205 -3.88578058618805e-16
16.32 0.820647916903502 -4.1599928657211 5.17706537361828e-16
16.34 0.584220050506757 -4.19972392254497 7.33788030338189e-16
16.36 0.345925561016065 -4.22602839954314 -2.63677968348475e-16
16.38 0.106524031172257 -4.23882241058904 6.38378239159465e-16
16.4 -0.133220129679286 -4.23806533557852 -2.22044604925031e-16
16.42 -0.372538200720331 -4.22375980401181 -3.78386558197441e-17
16.44 -0.610662816108925 -4.19595151439492 5.04804531509251e-16
16.46 -0.846833631428455 -4.15472905364106 1.45716771982052e-16
16.48 -1.08029783881942 -4.10022388065263 9.71445146547012e-16
16.5 -1.31031016697943 -4.03261032632117 3.88578058618805e-16
16.52 -1.53613336365034 -3.95210543289452 1.18405719257142e-15
16.54 -1.75704350297736 -3.85896718701515 1.18134668714021e-15
16.56 -1.97233529286803 -3.7534927527585 1.87350135405495e-16
16.58 -2.18132255747943 -3.63601831100014 2.4980018054066e-16
16.6 -2.38333823721818 -3.50691905941572 -1.0547118733939e-15
16.62 -2.57773481137525 -3.36660892961796 -8.14777932622857e-16
16.64 -2.76388894710934 -3.21553747566311 -1.04603825601401e-15
16.66 -2.94120614843013 -3.05418676255744 -2.06779038336435e-15
16.68 -3.10912117883314 -2.88307108339418 -3.05311331771918e-16
16.7 -3.26709806129973 -2.70273695935355 4.44089209850063e-16
16.72 -3.414630406717 -2.51376274276849 2.18293265408231e-15
16.74 -3.55124502649624 -2.31675425084811 3.17454396103756e-15
16.76 -3.67650554519153 -2.11234039940116 1.94289029309402e-15
16.78 -3.79001272891952 -1.90117280590177 1.94289029309402e-15
16.8 -3.8914044853595 -1.68392578948947 5.55111512312578e-16
16.82 -3.98035606247177 -1.46129590265565 -2.59449579875781e-16
16.84 -4.05658223440003 -1.23399677979497 -8.2052420413703e-16
16.86 -4.11983948737375 -1.0027539857567 -2.48412401759879e-15
16.88 -4.16992621842659 -0.768304547531211 -2.02615701994091e-15
16.9 -4.2066827353964 -0.531396954250004 -1.11022302462516e-15
16.92 -4.22999132407847 -0.292790653083334 -3.7621815385247e-17
16.94 -4.23977698691169 -0.0532505041145056 5.08273978461204e-16
16.96 -4.23600818166463 0.186458764785857 5.96744875736022e-16
16.98 -4.21869688858883 0.425573062062153 1.02695629777827e-15
17 -4.1878986104188 0.66332893247379 1.33226762955019e-15
17.02 -4.14371229186603 0.898964065793527 1.29464581416494e-15
17.04 -4.08627943405292 1.13172289248892 5.08273978461204e-16
17.06 -4.01578320894677 1.36086217940383 6.03683769639929e-16
17.08 -3.93244837885373 1.58565153845669 -3.05311331771918e-16
17.1 -3.83654129641884 1.80537342664057 -1.27675647831893e-15
17.12 -3.72836968487012 2.01932360493921 -1.25875872225567e-15
17.14 -3.60828022070382 2.22681618640417 -1.04430353253804e-15
17.16 -3.47665611636967 2.42718868423188 -2.94209101525666e-15
17.18 -3.333916900515 2.61980247067974 -1.60982338570648e-15
17.2 -3.18051841798472 2.80404277706617 -2.1094237467878e-15
17.22 -3.01695249585076 2.97931907744521 -1.14762799957591e-15
17.24 -2.84374326973567 3.14506930902818 6.76542155630955e-17
17.26 -2.6614435101363 3.30076409260524 -2.63677968348475e-16
17.28 -2.47063428845319 3.44590711622003 1.94289029309402e-16
17.3 -2.27192497699058 3.58003513516972 6.66133814775094e-16
17.32 -2.06595281441947 3.70271824795404 1.738735024015e-15
17.34 -1.85337812587161 3.81356293171449 1.39645239816133e-15
17.36 -1.63487954303335 3.91221507767365 1.48492329543615e-15
17.38 -1.41115356960882 3.99836026708417 1.9151347174784e-15
17.4 -1.18291458131982 4.0717237712288 2.22044604925031e-15
17.42 -0.950894336178131 4.13207069024058 1.29475423438219e-15
17.44 -0.71583658747952 4.17920748012554 1.39818712163731e-15
17.46 -0.478491696797921 4.21298347978523 6.10622663543836e-16
17.48 -0.239616144257601 4.23329104983703 -2.77555756156289e-16
17.5 2.7471466836404e-05 4.2400655726141 -1.22124532708767e-15
17.52 0.239670941832335 4.23328545519781 -1.14762799957591e-15
17.54 0.478546043928099 4.2129721627737 -8.2052420413703e-16
17.56 0.715890135976307 4.17919025198765 -2.48412401759879e-15
17.58 0.950946666013994 4.13204737397817 -1.13797860024079e-15
17.6 1.18296517189306 4.07169427437643 -1.11022302462516e-15
17.62 1.41120177546013 3.99832464992601 -3.7621815385247e-17
17.64 1.63492461853537 3.91217357130037 1.39645239816133e-15
17.66 1.85341929889118 3.81351590592022 5.96744875736022e-16
17.68 2.06598936443216 3.70266617457334 1.02695629777827e-15
17.7 2.27195631319503 3.57997855141457 1.33226762955019e-15
17.72 2.47066002153084 3.44584658850082 2.18304107429956e-15
17.74 2.66146345410861 3.30070018567659 5.11743425413158e-16
17.76 2.84375737391894 3.14500256045949 6.24500451351651e-16
17.78 3.01696077045621 2.97924997257523 -2.4980018054066e-16
17.8 3.18052085971854 2.80397172395763 -1.11022302462516e-15
17.82 3.33391342280038 2.61972977898121 -9.25800235085372e-16
17.84 3.47664653041037 2.42711458701896 -3.79904441238921e-16
17.86 3.60826426738934 2.22674090500028 -2.06779038336435e-15
17.88 3.72834707130278 2.01924741764343 -3.05311331771918e-16
17.9 3.83651173244091 1.8052967374556 -4.44089209850063e-16
17.92 3.93241161299039 1.58557493945121 4.06684234899313e-16
17.94 4.01573905792372 1.36078644305359 1.39992184511328e-15
17.96 4.08622780588864 1.13164889399668 6.24500451351651e-16
17.98 4.14365320837987 0.898892699043347 -2.4980018054066e-16
18 4.18783222973911 0.663261025985393 -2.22044604925031e-16
18.02 4.21862352389074 0.425509300182625 -3.7621815385247e-17
18.04 4.2359282784344 0.186399666492692 -3.79904441238921e-16
18.06 4.23969105873754 -0.0533045487990785 -1.17961196366423e-15
18.08 4.22989988467113 -0.29283934144062 -3.05311331771918e-16
18.1 4.20658623060964 -0.531440029213115 4.44089209850063e-16
18.12 4.16982496426668 -0.768341757122485 4.06467394464816e-16
18.14 4.11973367388674 -1.00278505450578 1.39645239816133e-15
18.16 4.05647199543701 -1.23402139213754 5.96744875736022e-16
18.18 3.98024155144295 -1.46131368742132 -3.05311331771918e-16
18.2 3.89128595098832 -1.68393630438964 -4.44089209850063e-16
18.22 3.7898905857558 -1.90117552560027 -4.81494184800813e-16
18.24 3.6763803864737 -2.11233474299501 -1.26461341398709e-15
18.26 3.55111757936279 -2.31673964875836 -2.04003480774873e-15
18.28 3.41450148217685 -2.51373870721385 -2.02615701994091e-15
18.3 3.26696850420272 -2.70270315482402 -1.11022302462516e-15
18.32 3.10899181941183 -2.88302739090704 -9.25583394650875e-16
18.34 2.94107777112752 -3.05413327551968 5.11743425413158e-16
18.36 2.7637622766923 -3.21547442734028 -2.63677968348475e-16
18.38 2.57761050061944 -3.36653661438539 6.38378239159465e-16
18.4 2.38321685459296 -3.50683775400974 1.55431223447522e-15
18.42 2.18120457787953 -3.63592820101341 2.62691344371513e-15
18.44 1.97222112185942 -3.75339391681993 3.17280923756158e-15
18.46 1.75693353455745 -3.85885963865448 2.37310171513627e-15
18.48 1.53602804105489 -3.951989167651 2.35922392732846e-15
18.5 1.31021004348945 -4.03248536885218 2.22044604925031e-15
18.52 1.08020363242141 -4.10009033022626 1.29475423438219e-15
18.54 0.846746211861194 -4.15458711185157 5.10008701937181e-16
18.56 0.610583124296837 -4.19580149510111 -2.77555756156289e-16
18.58 0.372467162060162 -4.22360214165938 -1.16573417585641e-15
18.6 0.133158567326757 -4.2379005935223 -1.22124532708767e-15
18.62 -0.106575477225136 -4.23865128639874 -2.03602325971053e-15
18.64 -0.345966451166985 -4.22585169712649 -1.71217207078911e-15
18.66 -0.584250099072349 -4.19954249108833 -2.50494069931051e-15
18.68 -0.820666939857983 -4.15980753561347 -2.08166817117217e-15
18.7 -1.05446226678385 -4.10677389997754 -1.27675647831893e-15
18.72 -1.28488664110248 -4.04061173098539 -3.70688722772794e-16
18.74 -1.51120132220208 -3.96153288438172 -1.57859836313889e-16
18.76 -1.73268369774963 -3.86978955626171 -2.84494650060196e-16
18.78 -1.9486277773402 -3.76567415865382 -3.05311331771918e-16
18.8 -2.15834419249704 -3.64951931951978 -3.88578058618805e-16
18.82 -2.36116063889448 -3.52169762150293 5.1759811714458e-16
18.84 -2.55642674081099 -3.38261872816027 -1.04430353253804e-15
18.86 -2.74351891558208 -3.23272651019435 -7.21644966006352e-16
18.88 -2.9218408158233 -3.07249878420171 -2.77555756156289e-16
18.9 -3.0908233294303 -2.90244731267286 -1.22124532708767e-15
18.92 -3.24992492667697 -2.72311743084117 -2.5955800009303e-16
18.94 -3.39863547829593 -2.53508394202116 6.59194920871187e-17
18.96 -3.53648007355894 -2.33894701294665 -2.77555756156289e-16
18.98 -3.66301936737513 -2.13533180061973 1.0547118733939e-15
19 -3.77784958029099 -1.92488845231077 5.55111512312578e-16
19.02 -3.88060273151016 -1.70829165280256 6.28511999389847e-16
19.04 -3.9709492021112 -1.48623564407638 1.84054160801139e-15
19.06 -4.04860029826528 -1.25942924499805 1.59594559789866e-16
19.08 -4.11330848425601 -1.02859539856208 1.02695629777827e-15
19.1 -4.16486738247941 -0.794471171891698 4.9960036108132e-16
19.12 -4.20311186987437 -0.557807251976118 5.1759811714458e-16
19.14 -4.22791913865683 -0.31936239878059 7.32053306862213e-16
19.16 -4.23920975705417 -0.0798978983564607 -2.77555756156289e-16
19.18 -4.23694776573559 0.159822941421549 -2.77555756156289e-16
19.2 -4.22114067781206 0.399034790855347 -1.22124532708767e-15
19.22 -4.19183942865249 0.636970805673682 -2.5955800009303e-16
19.24 -4.14913782386103 0.872868206784496 -8.22258927613007e-16
19.26 -4.09317198725442 1.10597386002728 -1.16573417585641e-15
19.28 -4.02412031067808 1.3355447834233 1.66533453693773e-16
19.3 -3.94220345400614 1.56084814717555 -3.33066907387547e-16
19.32 -3.84768415941415 1.78116174792151 6.28620419607095e-16
19.34 -3.74086520837878 1.99577922551283 9.54097911787244e-16
19.36 -3.62208737867762 2.204015279795 1.66533453693773e-16
19.38 -3.49172925866187 2.40520614486007 1.0547118733939e-15
19.4 -3.35020724725632 2.59870958904666 5.55111512312578e-16
19.42 -3.19797523960321 2.78390532056053 6.28511999389847e-16
19.44 -3.03552116914409 2.96019944930116 9.52363188311267e-16
19.46 -2.86336354970182 3.1270289486883 1.59594559789866e-16
19.48 -2.68205116112436 3.28386206128256 1.38777878078145e-16
19.5 -2.49216304928474 3.43019829878542 -3.88578058618805e-16
19.52 -2.2943081124391 3.56556874005766 5.1759811714458e-16
19.54 -2.08912055116441 3.68953930932232 -1.56125112837913e-16
19.56 -1.87725531829626 3.8017140543676 -1.16573417585641e-15
19.58 -1.65938770528688 3.90173544456532 -2.77555756156289e-16
19.6 -1.43621334220507 3.98928437087095 -1.22124532708767e-15
19.62 -1.20844771899048 4.06408032002007 -2.5955800009303e-16
19.64 -0.976820919249886 4.12588329069028 -8.22258927613007e-16
19.66 -0.742072354053525 4.17449570966294 -1.16573417585641e-15
19.68 -0.504950283189318 4.20976260601975 1.66533453693773e-16
19.7 -0.266211815162858 4.23157161114272 -3.33066907387547e-16
19.72 -0.0266223952714042 4.23985299111597 6.28620419607095e-16
19.74 0.213049825582202 4.23458000314517 9.54097911787244e-16
19.76 0.452039622075628 4.215769251977 1.66533453693773e-16
19.78 0.689585206393055 4.18348072230093 1.0547118733939e-15
19.8 0.924928228225182 4.13781777874922 5.55111512312578e-16
19.82 1.15731427198744 4.0789270528762 6.28511999389847e-16
19.84 1.38599832622047 4.00699719993052 9.52363188311267e-16
19.86 1.61025025299053 3.92225765562742 1.52655665885959e-16
19.88 1.82935528510778 3.82497852312798 1.38777878078145e-16
19.9 2.04261402612624 3.71547057303912 -4.44089209850063e-16
19.92 2.24934289765135 3.59408499928936 4.06575814682064e-16
19.94 2.44887905972308 3.46121073376145 -3.78169717762944e-16
19.96 2.640585331199 3.31727176092512 -1.16573417585641e-15
19.98 2.82385063706185 3.16272687371276 -7.21644966006352e-16
20 2.99809000841954 2.9980696735194 -1.22124532708767e-15
20.02 3.16274494517336 2.82382820776292 -2.59666420310278e-16
20.04 3.3172874053685 2.64056098304566 -8.23993651088983e-16
20.06 3.46122379454451 2.44885297831617 -1.61676227961038e-15
20.08 3.59409532840357 2.24931528242933 -3.05311331771918e-16
20.1 3.71547803281042 2.04258509414635 -3.88578058618805e-16
20.12 3.82498298804133 1.82932527445379 5.1759811714458e-16
20.14 3.92225901552183 1.61021942207287 1.62023172656234e-15
20.16 4.00699536456449 1.38596694896871 -2.77555756156289e-16
20.18 4.07892195661784 1.15728263266939 6.10622663543836e-16
20.2 4.13780938526636 0.924896616265915 -3.33066907387547e-16
20.22 4.18346902879663 0.689553911265132 6.28620419607095e-16
20.24 4.21575428842552 0.452008928971425 6.59194920871187e-17
20.26 4.23456182652829 0.213020011868447 -2.77555756156289e-16
20.28 4.23983167920478 -0.0266510635280086 1.66533453693773e-16
20.3 4.23154725627941 -0.26623908667 -3.33066907387547e-16
20.32 4.20973530924106 -0.504975924483638 6.28620419607095e-16
20.34 4.17446557858147 -0.742096147937266 9.54097911787244e-16
20.36 4.12585044113376 -0.97684265860963 1.66533453693773e-16
20.38 4.06404487801224 -1.20846720019609 1.0547118733939e-15
20.4 3.98924647461242 -1.43623035850862 5.55111512312578e-16
20.42 3.90169524649191 -1.65940204087705 6.28511999389847e-16
20.44 3.80167172406016 -1.87726674956311 9.52363188311267e-16
20.46 3.68949503726825 -2.0891288551744 1.59594559789866e-16
20.48 3.56552274148975 -2.29431307606564 1.38777878078145e-16
20.5 3.43015081752073 -2.49216447833872 -3.88578058618805e-16
20.52 3.2838133728945 -2.68204888908096 5.1759811714458e-16
20.54 3.12697935634352 -2.86335744198673 -1.56125112837913e-16
20.56 2.96014927226142 -3.03551112297891 -1.16573417585641e-15
20.58 2.78385488201764 -3.19796118344725 -2.77555756156289e-16
20.6 2.59865920395748 -3.3501891402484 -1.22124532708767e-15
20.62 2.40515610865457 -3.49170708975123 -2.59666420310278e-16
20.64 2.2039658666878 -3.62206116233614 -8.23993651088983e-16
20.66 1.99573069641838 -3.74083497689431 -1.17267306976032e-15
20.68 1.78111435924225 -3.84764995487309 1.38777878078145e-16
20.7 1.56080215959007 -3.94216532027598 -3.88578058618805e-16
20.72 1.33550047019714 -4.02407828629768 5.17706537361828e-16
20.74 1.1059315100718 -4.09312610830933 7.33788030338189e-16
20.76 0.872828122463923 -4.14908813684372 -2.63677968348475e-16
20.78 0.636933300134773 -4.19178600423037 6.38378239159465e-16
20.8 0.399000185356985 -4.22108362459551 -2.22044604925031e-16
20.82 0.1597915622466 -4.23688724296406 -3.7621815385247e-17
20.84 -0.0799257275849537 -4.23914597538202 5.08273978461204e-16
20.86 -0.319386369378814 -4.22785234903867 1.59594559789866e-16
20.88 -0.557827082896701 -4.20304235136868 1.02695629777827e-15
20.9 -0.794486622420913 -4.16479543005207 4.9960036108132e-16
20.92 -1.02860627976772 -4.11323439707436 1.40566811662746e-15
20.94 -1.25943541743453 -4.0485243733882 1.61849700308636e-15
20.96 -1.48623700174714 -3.97087173357503 6.03683769639929e-16
20.98 -1.70828810587306 -3.88052400990521 1.02695629777827e-15
21 -1.92487990982159 -3.77776989233801 -3.88578058618805e-16
21.02 -2.13531815452186 -3.66293899600526 -3.70580302555545e-16
21.04 -2.3389281366823 -3.53639930353111 -1.04430353253804e-15
21.06 -2.53505970364997 -3.39855460735186 -2.4980018054066e-15
21.08 -2.72308770748875 -3.24984427719957 -1.16573417585641e-15
21.1 -2.9024120049793 -3.09074326010203 -2.1094237467878e-15
21.12 -3.07245783020099 -2.92176173183492 -1.14773641979315e-15
21.14 -3.23267989293311 -2.74344126289472 -8.22258927613007e-16
21.16 -3.38256647705603 -2.5563509844718 -2.77555756156289e-16
21.18 -3.52163981313311 -2.36108723990246 1.66533453693773e-16
21.2 -3.64945607841076 -2.15827358466895 5.55111512312578e-16
21.22 -3.76560565733886 -1.94856034578447 6.28511999389847e-16
21.24 -3.86971600729611 -1.73261977502836 9.52363188311267e-16
21.26 -3.96145452431535 -1.51114120218133 1.59594559789866e-16
21.28 -4.04052880360398 -1.28483059441038 1.02695629777827e-15
21.3 -4.10668663954406 -1.05441055626889 4.9960036108132e-16
21.32 -4.15971615177558 -0.820619835334221 5.17923377796325e-16
21.34 -4.19944717211342 -0.584207884221775 7.37257477290143e-16
21.36 -4.22575263146421 -0.345929422599043 -2.56739074444567e-16
21.38 -4.23854868590977 -0.106543942823256 -1.94289029309402e-16
21.4 -4.23779471670701 0.133184290058625 -1.0547118733939e-15
21.42 -4.22349331509397 0.372486748450448 7.31836466427715e-17
21.44 -4.19569011515528 0.610596253752899 -1.61329283265843e-16
21.46 -4.15447362668771 0.846752587909517 -3.05311331771918e-16
21.48 -4.09997522000608 1.08020300354725 1.41553435639707e-15
21.5 -4.03236912594334 1.31020222397646 1.22124532708767e-15
21.52 -3.95187227761949 1.53601292977571 1.96121330980903e-15
21.54 -3.85874256990092 1.75691111122467 1.8474805019153e-15
21.56 -3.7532771188596 1.97219142073706 1.87350135405495e-16
21.58 -3.63581210354213 2.18116765944539 2.4980018054066e-16
21.6 -3.50672276596973 2.383172777201 -1.94289029309402e-15
21.62 -3.36642312384568 2.57755929422023 -2.59124319224036e-15
21.64 -3.21536281033724 2.76370393919243 -1.93595139919012e-15
21.66 -3.05402391385751 2.94101228738794 -2.51881848711832e-15
21.68 -2.88292069077293 3.10891918230424 -1.22124532708767e-15
21.7 -2.7025995654032 3.26688873566601 -4.44089209850063e-16
21.72 -2.51363873709772 3.4144146534041 2.07223561227154e-15
21.74 -2.31664385807519 3.55102382142482 3.17974813146549e-15
21.76 -2.11224371126338 3.67627989137909 2.40779618465581e-15
21.78 -1.90108981737542 3.78978360664156 1.58206781009085e-15
21.8 -1.68385643490986 3.89117280231052 7.21644966006352e-16
21.82 -1.46124009067101 3.9801226081469 -8.14886352840105e-16
21.84 -1.23395441549345 4.05634768090219 -1.04777297948999e-15
21.86 -1.00272497996656 4.11960443664658 -2.07472927726826e-15
21.88 -0.768288824954861 4.16969125370776 -1.22124532708767e-15
21.9 -0.531394461598047 4.20644847267098 4.44089209850063e-16
21.92 -0.292801365043702 4.22975845992612 1.18384035213692e-15
21.94 -0.053274405507113 4.2395463066851 2.28810026481341e-15
21.96 0.186421720668903 4.23578052799944 6.24500451351651e-16
21.98 0.42552299728129 4.21847312630731 6.38378239159465e-16
22 0.663266088266751 4.18767959143346 -2.22044604925031e-16
22.02 0.898888842225679 4.1434988212822 -9.25800235085372e-16
22.04 1.13163584218541 4.08607224945898 -1.26808286093905e-15
22.06 1.36076395536347 4.01558297289218 -2.50494069931051e-15
22.08 1.58554283769152 3.93225567252591 -1.63757896132211e-15
22.1 1.80525493381534 3.83635661332006 -1.27675647831893e-15
22.12 2.01919593957722 3.72819342629803 5.1759811714458e-16
22.14 2.22667988932212 3.60811271107229 1.62023172656234e-15
22.16 2.4270442432039 3.47649763836986 6.10622663543836e-16
22.18 2.61965034966765 3.33376773208006 1.0547118733939e-15
22.2 2.80388344544973 3.18037886925456 5.55111512312578e-16
22.22 2.97915303819316 3.01682294252264 6.28511999389847e-16
22.24 3.14489711521738 2.84362414665952 -8.23993651088983e-16
22.26 3.30058635228799 2.66133526515457 -1.17267306976032e-15
22.28 3.44572449623213 2.47053733262671 -7.49400541621981e-16
22.3 3.57984836493853 2.27183963482431 -3.88578058618805e-16
22.32 3.70252812152106 2.06587927751462 -3.70688722772794e-16
22.34 3.81337029011819 1.85331644426668 -1.57859836313889e-16
22.36 3.91202077169238 1.63482965423422 -2.84494650060196e-16
22.38 3.99816511819371 1.41111533104509 -3.05311331771918e-16
22.4 4.07152853255984 1.18288780280117 -3.88578058618805e-16
22.42 4.13187601092629 0.950878811189665 -3.70688722772794e-16
22.44 4.17901390693925 0.715832111706434 -1.04603825601401e-15
22.46 4.21279149606837 0.478498073879404 -7.28583859910259e-16
22.48 4.23310111781703 0.239633190379782 -3.05311331771918e-16
22.5 4.23987817572235 7.70220471846272e-08 -1.27675647831893e-15
22.52 4.23310113736544 -0.239633037493063 -3.70688722772794e-16
22.54 4.21279153448432 -0.478497924405758 -1.57859836313889e-16
22.56 4.17901396308686 -0.715831967724382 -7.28583859910259e-16
22.58 4.13187608346103 -0.950878674482446 5.82867087928207e-16
22.6 4.07152862017493 -1.18288767473862 -3.88578058618805e-16
22.62 3.99816521985188 -1.41111521248103 -3.70471882338297e-16
22.64 3.9120208866971 -1.63482954557442 7.33788030338189e-16
22.66 3.81337041802429 -1.85331634570732 -7.07767178198537e-16
22.68 3.70252826203082 -2.06587918929636 6.38378239159465e-16
22.7 3.57984851779766 -2.27183955748622 -2.22044604925031e-16
22.72 3.44572466112635 -2.47053726723899 -3.7621815385247e-17
22.74 3.30058652874494 -2.66133521331635 1.39645239816133e-15
22.76 3.14489730251392 -2.84362411026185 1.52655665885959e-16
22.78 2.97915323526315 -3.01682292349018 1.9151347174784e-15
22.8 2.80388365079186 -3.18037886928717 1.33226762955019e-15
22.82 2.61965056126823 -3.33376775240928 1.29486265459944e-15
22.84 2.4270444586251 -3.47649767967768 2.28810026481341e-15
22.86 2.22668010595568 -3.60811277357234 6.24500451351651e-16
22.88 2.01919615491311 -3.72819350983152 6.38378239159465e-16
22.9 1.8052551457105 -3.83635671745177 -2.22044604925031e-16
22.92 1.58554304461601 -3.93225579664056 -3.7621815385247e-17
22.94 1.36076415639928 -4.01558311629532 -3.79904441238921e-16
22.96 1.13163603677771 -4.08607241148252 -2.06085148946045e-15
22.98 0.898889029911662 -4.14349900139028 -3.05311331771918e-16
23 0.663266268404392 -4.18767978932841 -3.88578058618805e-16
23.02 0.425523168795537 -4.21847334202063 5.1759811714458e-16
23.04 0.186421881989021 -4.23578076181932 1.62023172656234e-15
23.06 -0.0532742563190392 -4.23954655892031 6.10622663543836e-16
23.08 -0.292801230146883 -4.22975873065512 1.66533453693773e-16
23.1 -0.531394343227111 -4.20644876149096 -3.33066907387547e-16
23.12 -0.768288725276673 -4.1696915595056 -2.59449579875781e-16
23.14 -1.0027249009668 -4.11960475761097 -8.2052420413703e-16
23.16 -1.23395435889296 -4.05634801477678 -1.1518563880486e-15
23.18 -1.46124005784484 -3.9801229525054 -6.93889390390723e-16
23.2 -1.68385642680633 -3.89117315483186 -2.22044604925031e-16
23.22 -1.90108983444731 -3.78978396536758 -3.77302356024956e-17
23.24 -2.11224375353286 -3.67628025478162 5.06539254985228e-16
23.26 -2.31664392533255 -3.55102418828202 5.89805981832114e-16
23.28 -2.51363882911216 -3.41441502265945 9.99200722162641e-16
23.3 -2.7025996821337 -3.26688910628725 1.33226762955019e-15
23.32 -2.882920832562 -3.10891955314673 1.18373193191967e-15
23.34 -3.05402408143737 -2.94101265710504 5.10008701937181e-16
23.36 -3.21536300464822 -2.76370430619309 1.66533453693773e-16
23.38 -3.3664233458377 -2.57755965663086 -7.21644966006352e-16
23.4 -3.50672301640367 -2.38317313282735 -2.1094237467878e-15
23.42 -3.63581238280041 -2.18116800574458 -2.03591483949328e-15
23.44 -3.75327742685734 -1.97219175490134 -1.71043734731313e-15
23.46 -3.85874290609771 -1.7569114303769 -2.94209101525666e-15
23.48 -3.95187264104033 -1.53601323117504 -1.60982338570648e-15
23.5 -4.03236951519952 -1.31020250522398 -1.22124532708767e-15
23.52 -4.09997563332494 -1.08020326277547 6.2829515895535e-16
23.54 -4.15447406203903 -0.846752823794221 1.83707216105944e-15
23.56 -4.19569057047456 -0.61059646534726 1.03389519168218e-15
23.58 -4.22349378851434 -0.372486935003039 1.85962356624714e-15
23.6 -4.23779520679128 -0.133184450831394 1.27675647831893e-15
23.62 -4.23854919185413 0.106543808728855 1.18384035213692e-15
23.64 -4.22575315299136 0.345929316326528 2.89698820488127e-16
23.66 -4.19944770905494 0.584207807154667 -7.07767178198537e-16
23.68 -4.15971670362616 0.820619789082977 -1.13797860024079e-15
23.7 -4.10668720501564 1.05441054265781 -1.99840144432528e-15
23.72 -4.04052938022322 1.28483061545331 -9.25583394650875e-16
23.74 -3.96145510849704 1.51114125993372 -1.26461341398709e-15
23.76 -3.86971659489269 1.73261987131581 -1.59594559789866e-15
23.78 -3.76560624423303 1.94856048191992 1.94289029309402e-16
23.8 -3.6494566611083 2.15827376117003 6.66133814775094e-16
23.82 -3.52164038930516 2.36108745624257 2.62691344371513e-15
23.84 -3.38256704552729 2.55635123920387 3.17280923756158e-15
23.86 -3.2326804531159 2.74344155414765 2.38004060904018e-15
23.88 -3.07245838147889 2.92176205784382 3.24740234702858e-15
23.9 -2.90241254609086 3.09074361973852 2.27595720048157e-15
23.92 -2.72308823596508 3.24984467045135 2.29406337676208e-15
23.94 -2.53506021584556 3.39855503524506 7.33788030338189e-16
23.96 -2.33892862839914 3.53639976749525 -2.63677968348475e-16
23.98 -2.13531862168747 3.6629394971876 -6.93889390390723e-16
24 -1.924880349167 3.77777043091788 -1.11022302462516e-15
24.02 -1.70828851554674 3.88052458446913 -1.81387023456825e-15
24.04 -1.4862373812232 3.97087234116066 -1.26634813746307e-15
24.06 -1.25943576671545 4.04852501019699 -1.60982338570648e-15
24.08 -1.02860659852279 4.11323505924504 -7.21644966006352e-16
24.1 -0.79448690912475 4.1647961144342 -3.33066907387547e-16
24.12 -0.557827334063003 4.20304305622667 6.28728839824344e-16
24.14 -0.319386579841897 4.22785307399265 9.55832635263221e-16
24.16 -0.0799258918290308 4.23914672058532 1.06858966120171e-15
24.18 0.15979144866287 4.23688800821137 6.38378239159465e-16
24.2 0.399000124375957 4.22108440843095 6.66133814775094e-16
24.22 0.636933289935359 4.1917868031449 8.50339763880381e-16
24.24 0.872828157958238 4.14908894545366 5.04804531509251e-16
24.26 1.10593158516286 4.09312692051624 -1.18655085756814e-15
24.28 1.33550058019668 4.02407909653742 8.32667268468867e-17
24.3 1.56080230363636 3.94216612476774 -4.9960036108132e-16
24.32 1.78111454245199 3.84765075273516 2.95661932436797e-16
24.34 1.99573092911373 3.74083576979344 2.89698820488127e-16
24.36 2.20396616069844 3.62206195267053 -7.07767178198537e-16
24.38 2.4051564733539 3.4917078787002 -6.93889390390723e-16
24.4 2.59865964229884 3.3501899258221 -1.99840144432528e-15
24.42 2.78385538699133 3.19796195875263 -1.81387023456825e-15
24.44 2.96014982798112 3.03551187686541 -2.15452655716319e-15
24.46 3.1269799437621 2.86335816207163 -2.4980018054066e-15
24.48 3.28381397594065 2.682049564991 -7.21644966006352e-16
24.5 3.43015142923563 2.49216510495176 -3.33066907387547e-16
24.52 3.56552336952245 2.29431365640103 1.51679883930722e-15
24.54 3.68949570231747 2.08912939941851 2.73045475118749e-15
24.56 3.80167245126237 1.87726727023027 1.94289029309402e-15
24.58 3.90169605616825 1.65940254761907 2.38697950294409e-15
24.6 3.98924737301556 1.43623085292435 1.4432899320127e-15
24.62 4.06404584904488 1.20846767119632 1.51679883930722e-15
24.64 4.12585144875471 0.976843083890652 6.59194920871187e-17
24.66 4.17446657989933 0.742096501563241 -7.21644966006352e-16
24.68 4.20973626857954 0.504976185024252 -7.21644966006352e-16
24.7 4.23154815924259 0.266239245338129 -3.33066907387547e-16
24.72 4.23983254523145 0.0266511314528766 -2.59666420310278e-16
24.74 4.23456270482555 -0.213020005877701 6.41847686111419e-17
24.76 4.21575523728176 -0.452008950171777 -7.35522753814166e-16
24.78 4.18347009338347 -0.689553931590198 1.38777878078145e-16
24.8 4.13781057544063 -0.924896626936512 -4.44089209850063e-16
24.82 4.07892322725418 -1.15728265542752 4.06684234899313e-16
24.84 4.00699662372501 -1.38596703216989 -3.76434994286967e-16
24.86 3.92226016046289 -1.61021962163666 -1.1518563880486e-15
24.88 3.82498394375088 -1.82932563343788 -6.93889390390723e-16
24.9 3.7154787905454 -2.04258562232058 -1.11022302462516e-15
24.92 3.59409597905805 -2.24931593825637 -3.77302356024956e-17
24.94 3.46122450515632 -2.44885367740472 -3.81639164714898e-16
24.96 3.31728833876424 -2.64056163307633 -1.18655085756814e-15
24.98 3.16274617444429 -2.82382874582062 5.55111512312578e-16
25 2.99809143139739 -2.99807010342583 4.44089209850063e-16
25.02 2.82385189353641 -3.16272726342604 1.18405719257142e-15
25.04 2.64058575029494 -3.31727180067956 2.29156971176536e-15
25.06 2.44887763743604 -3.46120885494721 1.87350135405495e-16
25.08 2.24933827712579 -3.59407745339942 2.4980018054066e-16
25.1 2.04260447793324 -3.71545051061625 -1.0547118733939e-15
25.12 1.8293387510897 -3.82493509017997 -8.15103193274602e-16
25.14 1.61022508934055 -3.92217528219327 -1.05124242644195e-15
25.16 1.385964745797 -4.00685508079749 -1.20042864537595e-15
25.18 1.15727585019538 -4.07869864576518 -3.88578058618805e-16
25.2 0.924893408897113 -4.13747030250011 1.16573417585641e-15
25.22 0.689568828969097 -4.18297472723726 1.85019100734651e-15
25.24 0.452064683067474 -4.21505898424286 2.51361431669039e-15
25.26 0.213149474321518 -4.23361456301433 6.31439345255558e-16
25.28 -0.0264028395860676 -4.23857756348035 6.93889390390723e-16
25.3 -0.265812846419132 -4.22992869600081 -1.0547118733939e-15
25.32 -0.504296229712859 -4.20769333017604 -1.70328161297473e-15
25.34 -0.74106982234643 -4.17194203174814 -1.93942084614207e-15
25.36 -0.975357660115666 -4.12279109950229 -2.9767854847762e-15
25.38 -1.20639153205782 -4.06040261407596 -1.72084568816899e-15
25.4 -1.43341098045158 -3.98498443795892 -6.10622663543836e-16
25.42 -1.65566388272028 -3.89679009036225 1.85019100734651e-15
25.44 -1.87241285236729 -3.79611737077744 2.51361431669039e-15
25.46 -2.08294163991146 -3.68330698253559 1.51961776495568e-15
25.48 -2.28655571479025 -3.55874240767634 6.93889390390723e-16
25.5 -2.48258226535981 -3.42284990694793 -1.66533453693773e-16
25.52 -2.67037074828521 -3.276098196368 -8.14886352840105e-16
25.54 -2.84929893183336 -3.11899488939317 -1.93595139919012e-15
25.56 -3.0187789391659 -2.95208293908845 -2.96290769696839e-15
25.58 -3.17825779772947 -2.77594031468817 -1.66533453693773e-15
25.6 -3.32721743925574 -2.59118000159592 4.44089209850063e-16
25.62 -3.46517513476695 -2.39844948011259 2.0719103516198e-15
25.64 -3.59168827963732 -2.19842499144441 3.17454396103756e-15
25.66 -3.70635917865444 -1.99180580371097 2.38697950294409e-15
25.68 -3.80883548102481 -1.77931369067326 1.49880108324396e-15
25.7 -3.89881018037389 -1.5616929317336 5.55111512312578e-16
25.72 -3.97602184870587 -1.33970964558099 -2.59449579875781e-16
25.74 -4.04025720996135 -1.114144460289 -1.70870262383715e-15
25.76 -4.09135371357507 -0.885785183413719 -2.92821322744885e-15
25.78 -4.12919976843564 -0.655426135639055 -2.47024622979097e-15
25.8 -4.15373474288562 -0.423868150776689 -1.11022302462516e-15
25.82 -4.16494894982019 -0.191917846321491 -3.7621815385247e-17
25.84 -4.16288348277337 0.0396204004392276 1.39645239816133e-15
25.86 -4.14763005200424 0.269952476316448 6.03683769639929e-16
25.88 -4.11933096959563 0.49829526166406 1.9151347174784e-15
25.9 -4.07817914945415 0.723876630378866 2.27595720048157e-15
25.92 -4.02441781819883 0.945936139657004 2.29384653632758e-15
25.94 -3.95833733493625 1.16373261731467 1.61849700308636e-15
25.96 -3.8802720110356 1.37655174910886 6.03683769639929e-16
25.98 -3.79059982101739 1.58370676849376 1.38777878078145e-16
26 -3.6897424025534 1.78453845662079 -1.27675647831893e-15
26.02 -3.57816453098865 1.97841567424629 -1.25886714247292e-15
26.04 -3.45636833908282 2.1647412127161 -1.04603825601401e-15
26.06 -3.32488753675164 2.34295764495022 -2.50494069931051e-15
26.08 -3.18428688558885 2.51254785735051 -1.19348975147204e-15
26.1 -3.03516219886621 2.67303504980064 -2.16493489801906e-15
26.12 -2.87813966249754 2.8239830337301 -1.25865030203842e-15
26.14 -2.71386836564317 2.96499951081754 -1.04256880906206e-15
26.16 -2.54301283131445 3.09573935169425 -7.07767178198537e-16
26.18 -2.3662523373378 3.21590489400804 -2.4980018054066e-16
26.2 -2.18428091635466 3.32524594242327 -2.22044604925031e-16
26.22 -1.99780662609277 3.42355978620162 -3.7621815385247e-17
26.24 -1.80754352234949 3.51069139259054 5.08273978461204e-16
26.26 -1.61420363197523 3.58653360021168 1.59594559789866e-16
26.28 -1.41849622314463 3.6510271366417 1.9151347174784e-15
26.3 -1.22112780535658 3.70416061841225 1.38777878078145e-15
26.32 -1.02280147549344 3.74597029778274 1.40588495706195e-15
26.34 -0.824209724472198 3.77653727724123 2.51014486973844e-15
26.36 -0.626027243895768 3.79598472400521 6.24500451351651e-16
26.38 -0.428910272112146 3.80447761679441 1.08246744900953e-15
26.4 -0.233496594214427 3.80222274583081 -2.22044604925031e-16
26.42 -0.0404050556803718 3.78946825656364 -3.74049749507499e-17
26.44 0.149769787592302 3.76649863064393 -3.76434994286967e-16
26.46 0.33646301925063 3.73362966689928 -1.59594559789866e-15
26.48 0.519139848846832 3.69120802505874 1.94289029309402e-16
26.5 0.697295611838307 3.63961122575285 -2.22044604925031e-16
26.52 0.870456030646274 3.57924707618928 8.50556604314878e-16
26.54 1.03818008630077 3.51054735258513 1.39645239816133e-15
26.56 1.20006289008563 3.43396148259916 1.49186218934005e-15
26.58 1.35573594459715 3.34995597100748 1.47104550762833e-15
26.6 1.50486714374407 3.25901439970354 1.38777878078145e-15
26.62 1.64716079184868 3.16163684509954 1.40566811662746e-15
26.64 1.78235781375905 3.05833346954181 7.30318583386236e-16
26.66 1.91023596496128 2.94961811272629 -1.17961196366423e-15
26.68 2.03060985068058 2.83600770909985 -7.49400541621981e-16
26.7 2.14333092588129 2.71802228786036 -2.22044604925031e-15
26.72 2.24828731419098 2.59618447229957 -2.25785102420106e-15
26.74 2.34540181606564 2.47101397257527 -2.15279183368722e-15
26.76 2.4346299169549 2.34302207848338 -2.48412401759879e-15
26.78 2.51595960622612 2.21271115880094 -2.47024622979097e-15
26.8 2.5894113771644 2.08057466128604 -1.99840144432528e-15
26.82 2.65503790411991 1.94709675092294 -9.25800235085372e-16
26.84 2.71292049112878 1.8127483306178 -3.79904441238921e-16
26.86 2.7631655205339 1.6779830618945 -2.91433543964104e-16
26.88 2.8059041301323 1.54323700313969 5.82867087928207e-16
26.9 2.84129221317517 1.40892860960277 1.33226762955019e-15
26.92 2.86951003079752 1.27545854233224 2.18304107429956e-15
26.94 2.8907579487452 1.14320756647525 2.28810026481341e-15
26.96 2.90525217410188 1.01253444957711 6.24500451351651e-16
26.98 2.91322436771871 0.883775770517675 6.38378239159465e-16
27 2.91492164421438 0.757245919511282 -2.22044604925031e-16
27.02 2.91060619366456 0.633237063375848 -3.77302356024956e-17
27.04 2.90055112018583 0.512018763492416 -3.81639164714898e-16
27.06 2.88503628051972 0.393837593764733 -1.18655085756814e-15
27.08 2.86434790572211 0.278917105888294 -3.33066907387547e-16
27.1 2.83877860116324 0.167457829350351 4.44089209850063e-16
27.12 2.80862702507371 0.0596373610178928 2.95661932436797e-16
27.14 2.77419435255025 -0.0443886493945135 1.39992184511328e-15
27.16 2.73578073956153 -0.144485513856893 1.80411241501588e-16
27.18 2.69368500149412 -0.240539416435866 -6.93889390390723e-16
27.2 2.64820461315251 -0.33245741329466 -1.11022302462516e-15
27.22 2.59963547783367 -0.420167261288568 -9.25800235085372e-16
27.24 2.54826938714712 -0.503615532515168 -1.26808286093905e-15
27.26 2.49439148083509 -0.582765728864501 -1.62370117351429e-15
27.28 2.43828001584703 -0.657598110614553 -7.49400541621981e-16
27.3 2.38020636633963 -0.728109696431264 4.44089209850063e-16
27.32 2.32043488906899 -0.794314060072074 1.29475423438219e-15
27.34 2.25922144270448 -0.856239094125127 2.28636554133743e-15
27.36 2.1968119071426 -0.913924773748474 1.49880108324396e-15
27.38 2.13344204889915 -0.967422953373617 1.49880108324396e-15
27.4 2.06933752110922 -1.01679736670553 5.55111512312578e-16
27.42 2.00471381365159 -1.06212342558548 6.28511999389847e-16
27.44 1.93977570451672 -1.10348600748211 -8.23993651088983e-16
27.46 1.87471671117481 -1.14097724298255 -1.62370117351429e-15
27.48 1.80971904070018 -1.17469631465524 -1.19348975147204e-15
27.5 1.74495358977126 -1.20474945704994 -4.44089209850063e-16
27.52 1.68057996272387 -1.23124978403345 -4.81277344366315e-16
27.54 1.61674667013756 -1.25431538948266 5.15212872365112e-16
27.56 1.55359132742192 -1.27406744797765 -2.56739074444567e-16
27.58 1.4912406728699 -1.29063004213738 -6.38378239159465e-16
27.6 1.42981056765776 -1.30413016261973 -1.66533453693773e-16
27.62 1.36940605602359 -1.3146975778613 9.61362066342897e-16
27.64 1.31012202723037 -1.3224634012157 -1.61329283265843e-16
27.66 1.25204387752915 -1.3275586580918 1.45716771982052e-16
27.68 1.19524757033746 -1.33011415569358 9.71445146547012e-16
27.7 1.13979963623933 -1.33026048302011 1.27675647831893e-15
27.72 1.08575725442908 -1.32812792371546 2.07201877183705e-15
27.74 1.03316914859295 -1.32384549741737 2.9542340795885e-15
27.76 0.982076482790763 -1.31754000110604 6.24500451351651e-16
27.78 0.932512942899656 -1.30933592195393 6.38378239159465e-16
27.8 0.884504736614136 -1.29935543732583 -1.11022302462516e-15
27.82 0.838070680379267 -1.28771836688233 -9.25800235085372e-16
27.84 0.793223155656012 -1.27454164571862 -1.26808286093905e-15
27.86 0.749969065186558 -1.25993879750324 -2.50494069931051e-15
27.88 0.708309919927565 -1.24401988658163 -1.63757896132211e-15
27.9 0.668241839050119 -1.22689151797608 -1.27675647831893e-15
27.92 0.629755629196778 -1.20865682126342 5.17706537361828e-16
27.94 0.59283765630866 -1.1894152732289 1.62196645003831e-15
27.96 0.557470717452562 -1.16926252052012 6.24500451351651e-16
27.98 0.523634120077963 -1.14829036352466 1.08246744900953e-15
28 0.491303682017036 -1.12658675637008 6.66133814775094e-16
28.02 0.460451797880942 -1.10423581036925 8.50556604314878e-16
28.04 0.431048169419333 -1.08131783191891 -3.79904441238921e-16
28.06 0.403060535879797 -1.05790936039818 -7.35522753814166e-16
28.08 0.376454740404211 -1.03408317161395 1.38777878078145e-16
28.1 0.351194730028705 -1.00990827780081 4.44089209850063e-16
28.12 0.327242607019182 -0.98544994595206 4.06684234899313e-16
28.14 0.304559193561745 -0.960769899460039 5.11743425413158e-16
28.16 0.283104596453123 -0.935926519756532 6.24500451351651e-16
28.18 0.262838258436202 -0.910974864643702 -2.4980018054066e-16
28.2 0.243718958199984 -0.885966668294099 -2.22044604925031e-16
28.22 0.22570484631074 -0.860950362581545 -3.78386558197441e-17
28.24 0.208753840454271 -0.835971311720952 -3.83373888190874e-16
28.26 0.192824020678237 -0.811072046908134 -2.07472927726826e-15
28.28 0.177873665323274 -0.7862922876507 -3.60822483003176e-16
28.3 0.163861251022967 -0.761668941768053 -4.9960036108132e-16
28.32 0.15074547592127 -0.737236130976461 2.95661932436797e-16
28.34 0.1384855150638 -0.713025472324784 1.17787724018825e-15
28.36 0.127041275789138 -0.689066359630209 1.80411241501588e-16
28.38 0.11637342094624 -0.665385989063316 -6.93889390390723e-16
28.4 0.106443368894412 -0.642009359148079 -1.11022302462516e-15
28.42 0.097213306252424 -0.618959288780814 -9.25800235085372e-16
28.44 0.0886463281386009 -0.596256615438578 -1.26808286093905e-15
28.46 0.0807065784109149 -0.573920393387581 -1.62370117351429e-15
28.48 0.0733592624160908 -0.551967911702128 -7.49400541621981e-16
28.5 0.0665706469895879 -0.53041469426462 4.44089209850063e-16
28.52 0.0603080651862618 -0.509274522566368 1.29475423438219e-15
28.54 0.0545399683174979 -0.488559686516551 2.28636554133743e-15
28.56 0.0492359779882865 -0.468281235251175 1.49880108324396e-15
28.58 0.0443668908279278 -0.448448999933879 1.49880108324396e-15
28.6 0.039904678489991 -0.429071593755945 5.55111512312578e-16
28.62 0.0358224869096819 -0.410156417376136 6.2829515895535e-16
28.64 0.0320946281347611 -0.391709718758966 -8.27463098040937e-16
28.66 0.0286965721564564 -0.373736653012977 -1.6306400674182e-15
28.68 0.0256049461668395 -0.356241287830576 -1.2490009027033e-15
28.7 0.0227975345587916 -0.339226603488041 -4.9960036108132e-16
28.72 0.0202532745510183 -0.322694515019531 -5.92516487263328e-16
28.74 0.017952208062946 -0.306646116131269 2.89698820488127e-16
28.76 0.0158754335896507 -0.29108192311571 -7.07767178198537e-16
28.78 0.0140051018268184 -0.276001897025563 -1.13797860024079e-15
28.8 0.0123244156707754 -0.261405443673792 -1.11022302462516e-15
28.82 0.0108176236127475 -0.247291402152014 -3.77302356024956e-17
28.84 0.00946994707596994 -0.233657918532983 -1.26981758441502e-15
28.86 0.00826750775279719 -0.220502319573051 -7.42461647718073e-16
28.88 0.00719732099897474 -0.20782110123058 1.11022302462516e-16
28.9 0.00624729583363437 -0.195609928665944 4.44089209850063e-16
28.92 0.00540622766081319 -0.183863669851531 2.07223561227154e-15
28.94 0.00466371820598557 -0.172576765281865 2.29156971176536e-15
28.96 0.00401009545260328 -0.161743597683713 1.07552855510562e-15
28.98 0.00343640636361398 -0.151358525626095 1.13797860024079e-15
29 0.00293441688143714 -0.141415883520287 -1.66533453693773e-16
29.02 0.00249660438282973 -0.131909939772976 7.32920668600201e-17
29.04 0.00211607468212545 -0.122834436471006 -1.04777297948999e-15
29.06 0.00178647903450077 -0.114182129066121 -1.18655085756814e-15
29.08 0.00150200659082889 -0.105944744528121 -3.33066907387547e-16
29.1 0.00125738439765155 -0.0981129813448657 1.33226762955019e-15
29.12 0.00104787100283662 -0.09067659270732 2.07223561227154e-15
29.14 0.000869186117538487 -0.0836253015450853 3.17974813146549e-15
29.16 0.000717440278181519 -0.0769497155619292 1.51961776495568e-15
29.18 0.000589128452092913 -0.0706414104208342 1.58206781009085e-15
29.2 0.000481130037502275 -0.0646929297439972 -1.66533453693773e-16
29.22 0.000390702714304575 -0.0590976188115946 -8.15211613491851e-16
29.24 0.000315414802617563 -0.0538477952481948 -1.05297714991792e-15
29.26 0.000253077621308412 -0.0489329197091715 -2.09554595897998e-15
29.28 0.000201739338765328 -0.0443394295794677 -1.30451205393456e-15
29.3 0.000159684972904417 -0.0400507389735964 -6.66133814775094e-16
29.32 0.000125434236663505 -0.0360478580150526 8.53483950180589e-16
29.34 9.77178383907984e-05 -0.0323162049098504 1.66533453693773e-15
29.36 7.54537822370283e-05 -0.0288524180200599 -4.85722573273506e-17
29.38 5.77452136658607e-05 -0.0256649751432198 0
29.4 4.38804194309306e-05 -0.0227741935123371 -3.33066907387547e-16
29.42 3.32885381520709e-05 -0.0201991907354337 6.54858112181245e-16
29.44 2.50523763987154e-05 -0.0178144551305593 1.59594559789866e-15
29.46 1.74212248278682e-05 -0.0152064160608032 -9.22872889219661e-16
29.48 7.76656872325532e-06 -0.0116604048738409 -1.08801856413265e-14
